 al022008      BERTHA  2008070400    13.4    26.5    40.0
            00     12     24     36     48     72     96    120
 PR11      40.0   67.0   72.0  145.8  187.2  198.6  359.8  474.7
 PRU8      24.7   37.6   75.6  102.0  135.1   96.4  301.5  445.8
 D09Q      29.2   24.0   58.7   96.7  123.4   66.3   90.0  156.3
 OFCL      13.1   55.2   72.2   61.2   53.1  137.6   86.2  180.4
 CLP5      13.1   64.4  133.5  190.2  234.1  335.8  294.8  265.8

 al022008      BERTHA  2008070500    15.8    32.6    45.0
            00     12     24     36     48     72     96    120
 PR11      18.0   46.1   99.5  119.8  148.8  274.2  398.8  570.2
 PRU8      29.3   42.7   88.5  112.6  148.6  230.4  354.5  510.9
 D09Q      29.5   67.8   99.5   86.8   41.5   56.5  160.7  164.9
 OFCL        .0   11.5   31.1   46.1   54.1   81.5  187.9  250.6
 CLP5        .0   23.8   69.9  125.1  150.5  106.8  126.6  200.7

 al022008      BERTHA  2008070600    16.8    40.3    45.0
            00     12     24     36     48     72     96    120
 PR11      29.2   24.9    5.7   12.8   23.3   49.3  143.7  216.5
 PRU8      21.0   18.2   21.3   33.5   22.5   43.4  116.3  161.1
 D09Q      45.7   24.9   16.5   18.0   45.7   78.1  121.1  166.3
 OFCL        .0   29.1   45.3   34.5  103.7  223.2  286.6  358.4
 CLP5        .0   41.8   64.3   45.7   33.4  127.8   96.9   81.0

 al022008      BERTHA  2008070700    18.8    47.9    55.0
            00     12     24     36     48     72     96    120
 PR11      74.5   92.8  131.8  136.8  141.2  198.3  184.2  162.7
 PRU8      62.4   74.3  109.9  131.8  131.2  168.1  142.8  146.8
 D09Q      74.5   94.9  145.2  136.8  153.8  202.3  208.9  274.8
 OFCL      26.6   45.7  134.3  201.3  242.3  199.0  188.3  172.1
 CLP5      26.6   39.6  129.8  212.7  249.1  261.8  230.7  227.2

 al022008      BERTHA  2008070800    20.6    52.2   105.0
            00     12     24     36     48     72     96    120
 PR11     111.1   89.4  103.3   55.2   87.1  112.7  180.6  174.0
 PRU8      70.2  101.5   55.7   49.8   63.1   92.0  187.5  155.6
 D09Q      74.8   96.3   47.8   52.7   72.8  144.7  252.9  219.4
 OFCL       8.2   43.0   45.9   57.8   50.4   27.3   44.8  127.7
 CLP5       8.2   35.5   40.5   40.6   39.5  121.0  223.3  385.5

 al022008      BERTHA  2008070900    22.7    55.2    70.0
            00     12     24     36     48     72     96    120
 PR11     104.0  122.3  109.2  129.0   92.1   60.9   86.0   66.2
 PRU8      53.0   83.0  105.0  100.4   49.8   60.4  150.9  210.1
 D09Q      53.0   73.0   79.1   75.2   52.8  113.5  142.1  186.3
 OFCL      12.6   12.0   18.8   43.3   44.7   79.7  120.1  239.3
 CLP5      12.6   12.0    8.1   30.0   44.9  145.6  290.8  456.5

 al022008      BERTHA  2008071000    25.2    58.6    90.0
            00     12     24     36     48     72     96    120
 PR11      63.8   44.1   26.3    5.3   26.9   78.5  121.8  329.7
 PRU8      52.4   47.2   24.0   15.8   41.9   73.8  109.0  328.2
 D09Q      71.4   45.0   18.8   13.1   16.8   72.9  160.9  267.0
 OFCL        .0    8.1   12.2   28.7   35.5   69.2  145.3  202.6
 CLP5        .0   26.3   48.3  102.1  132.1  322.0  503.0  558.5

 al022008      BERTHA  2008071100    27.4    61.0    75.0
            00     12     24     36     48     72     96    120
 PR11      24.6   16.0    6.0   31.8   90.1  212.4  321.8  352.7
 PRU8      16.1    6.0   15.9   39.4   94.6  243.7  367.0  405.5
 D09Q      17.1    8.0   13.1   33.8   90.6  220.4  363.2  382.0
 OFCL        .0    8.0   19.7   42.3   72.2  145.3  174.8  135.6
 CLP5        .0   18.8   33.8   93.6  160.1  324.6  364.8  338.4

 al022008      BERTHA  2008071200    29.3    62.3    80.0
            00     12     24     36     48     72     96    120
 PR11       6.0   13.1   31.7   69.2   72.9  133.1   90.6  252.9
 PRU8       5.2   20.8   48.3   76.5   85.6  123.4   67.4  276.0
 D09Q       6.0   13.1   20.8   72.9   85.6  130.1  117.7  127.5
 OFCL        .0   18.7   43.3   78.7   80.5   95.2  162.7   43.1
 CLP5        .0   42.3  103.2  186.1  233.6  306.4  298.9  494.4

 al022008      BERTHA  2008071300    29.9    62.4    65.0
            00     12     24     36     48     72     96    120
 PR11        .0   30.4   55.0   72.7   69.1   61.2   37.8   73.7
 PRU8        .0   30.4   42.0   62.9   65.6   33.9   11.4   61.7
 D09Q       5.2   13.1   18.7   27.2   16.2   35.6   90.5   89.8
 OFCL        .0   20.8   23.7   38.9   35.0   73.5  112.8   69.1
 CLP5        .0   23.8   43.0   82.0  112.1   99.5  150.4  397.9

 al022008      BERTHA  2008071400    30.5    63.1    55.0
            00     12     24     36     48     72     96    120
 PR11      18.0   31.5   31.2   38.9   30.7   56.9  114.8   75.8
 PRU8      18.7   28.5   28.3   36.0   18.0   53.9  115.7   38.1
 D09Q      18.0   16.5   16.2   12.0    7.7   14.6   44.6   43.0
 OFCL      12.0   16.5   31.6   42.3   54.9   40.8   54.0  244.1
 CLP5      12.0   54.4  122.6  168.3  205.2   53.0  328.0  357.6

 al022008      BERTHA  2008071500    33.5    63.8    60.0
            00     12     24     36     48     72     96    120
 PR11      20.6   19.0   43.3   86.2  161.3  108.4  214.8  517.7
 PRU8      20.6   19.0   48.5   91.2  166.9  116.2  277.2  661.9
 D09Q      18.0   20.5   48.5   81.7  148.3  106.4  249.5  618.4
 OFCL       7.8   24.0   60.2   85.2   94.9   27.7  190.8  454.6
 CLP5       7.8   23.0   28.9   90.0  247.8  517.1  348.7  205.1

 al022008      BERTHA  2008071600    36.7    61.8    60.0
            00     12     24     36     48     72     96    120
 PR11      11.3   19.2   25.1   41.5   70.1  198.6  466.0 9999.0
 PRU8      11.3   29.4   36.1   59.7  101.6  222.5  408.5 9999.0
 D09Q      15.4   24.7   40.7   60.7  113.3  307.8  613.2 9999.0
 OFCL        .0   11.3   18.6   26.0   76.9  190.4  402.7 9999.0
 CLP5        .0   79.4  248.9  409.7  515.4  326.1   59.7 9999.0

 al022008      BERTHA  2008071700    35.7    60.3    55.0
            00     12     24     36     48     72     96    120
 PR11      11.4    7.8   20.0   38.9   91.1  253.4 9999.0 9999.0
 PRU8      15.8   13.0   23.3   46.4   96.1  323.9 9999.0 9999.0
 D09Q       9.7   16.0   45.4   72.2  103.2  279.0 9999.0 9999.0
 OFCL      11.4   18.0   62.3   68.4  111.9  220.4 9999.0 9999.0
 CLP5      11.4   28.2  124.7  238.7  412.7  748.7 9999.0 9999.0

 al022008      BERTHA  2008071800    33.7    56.0    50.0
            00     12     24     36     48     72     96    120
 PR11      13.0   26.5   48.0   89.6   79.7 9999.0 9999.0 9999.0
 PRU8      13.0   18.9   66.7  122.1  114.5 9999.0 9999.0 9999.0
 D09Q      13.0   13.0   50.0  102.2   95.0 9999.0 9999.0 9999.0
 OFCL        .0   54.3  134.4  224.1  274.8 9999.0 9999.0 9999.0
 CLP5        .0  132.8  312.2  494.7  658.7 9999.0 9999.0 9999.0

 al022008      BERTHA  2008071900    38.6    49.7    65.0
            00     12     24     36     48     72     96    120
 PR11      18.0   42.2   67.2   83.3 9999.0 9999.0 9999.0 9999.0
 PRU8      18.6   30.3   48.2   83.3 9999.0 9999.0 9999.0 9999.0
 D09Q      12.0    7.5   41.7   77.9 9999.0 9999.0 9999.0 9999.0
 OFCL        .0   14.7   14.0   22.7 9999.0 9999.0 9999.0 9999.0
 CLP5        .0   35.6   59.1  144.7 9999.0 9999.0 9999.0 9999.0

 al022008      BERTHA  2008072000    45.3    42.4    60.0
            00     12     24     36     48     72     96    120
 PR11      14.0   61.9 9999.0 9999.0 9999.0 9999.0 9999.0 9999.0
 PRU8      20.7   65.8 9999.0 9999.0 9999.0 9999.0 9999.0 9999.0
 D09Q      12.7   58.1 9999.0 9999.0 9999.0 9999.0 9999.0 9999.0
 OFCL        .0   19.6 9999.0 9999.0 9999.0 9999.0 9999.0 9999.0
 CLP5        .0   88.4 9999.0 9999.0 9999.0 9999.0 9999.0 9999.0

 al032008       THREE  2008071900    31.7    79.8    25.0
            00     12     24     36     48     72     96    120
 PR11      18.7   31.7   56.0   66.9   99.3  181.6 9999.0 9999.0
 PRU8      18.7   30.4   59.5   70.0   99.3  205.6 9999.0 9999.0
 D09Q      18.7   33.6   54.2   64.1  108.3  189.6 9999.0 9999.0
 OFCL        .0   15.2   15.6   18.7   41.0   37.2 9999.0 9999.0
 CLP5        .0   12.0   18.7   28.2   38.8   47.7 9999.0 9999.0

 al032008   CRISTOBAL  2008072000    33.2    77.8    40.0
            00     12     24     36     48     72     96    120
 PR11       6.0   19.1   53.9   56.0  139.2   87.2 9999.0 9999.0
 PRU8       7.8   20.6   51.3   53.7  126.5   56.8 9999.0 9999.0
 D09Q       7.8   19.1   38.8   43.1   91.7  115.3 9999.0 9999.0
 OFCL        .0    5.0   23.3   37.3  101.5  142.2 9999.0 9999.0
 CLP5        .0    6.0    6.0   38.4   75.6  433.3 9999.0 9999.0

 al032008   CRISTOBAL  2008072100    34.9    75.4    45.0
            00     12     24     36     48     72     96    120
 PR11       7.8   12.0   42.3   55.7   92.3 9999.0 9999.0 9999.0
 PRU8       6.0   12.0   37.2   54.2   88.0 9999.0 9999.0 9999.0
 D09Q       6.0   12.0   42.0   71.4  110.7 9999.0 9999.0 9999.0
 OFCL        .0   18.6   92.0  118.3   94.4 9999.0 9999.0 9999.0
 CLP5        .0   34.1   64.8  181.5  405.2 9999.0 9999.0 9999.0

 al032008   CRISTOBAL  2008072200    37.4    70.7    50.0
            00     12     24     36     48     72     96    120
 PR11      30.4   38.6  105.7 9999.0 9999.0 9999.0 9999.0 9999.0
 PRU8      30.4   37.2  114.4 9999.0 9999.0 9999.0 9999.0 9999.0
 D09Q      44.4   55.8  125.4 9999.0 9999.0 9999.0 9999.0 9999.0
 OFCL        .0   12.9  100.2 9999.0 9999.0 9999.0 9999.0 9999.0
 CLP5        .0   84.5  259.6 9999.0 9999.0 9999.0 9999.0 9999.0

 al032008   CRISTOBAL  2008072300    43.3    60.7    45.0
            00     12     24     36     48     72     96    120
 PR11      17.8 9999.0 9999.0 9999.0 9999.0 9999.0 9999.0 9999.0
 PRU8      22.3 9999.0 9999.0 9999.0 9999.0 9999.0 9999.0 9999.0
 D09Q      24.4 9999.0 9999.0 9999.0 9999.0 9999.0 9999.0 9999.0
 OFCL        .0 9999.0 9999.0 9999.0 9999.0 9999.0 9999.0 9999.0
 CLP5        .0 9999.0 9999.0 9999.0 9999.0 9999.0 9999.0 9999.0

 al042008       DOLLY  2008072100    20.0    85.9    45.0
            00     12     24     36     48     72     96    120
 PR11      46.7   22.3   12.6   13.2   36.4  102.0 9999.0 9999.0
 PRU8      41.3    5.6    5.5   13.2   12.0   79.7 9999.0 9999.0
 D09Q      35.9    6.0    6.0   18.8   49.2  113.0 9999.0 9999.0
 OFCL      54.0   74.8   78.6   63.1   74.7   73.9 9999.0 9999.0
 CLP5      54.0  123.0  196.5  225.1  260.2  260.3 9999.0 9999.0

 al042008       DOLLY  2008072200    23.0    92.0    45.0
            00     12     24     36     48     72     96    120
 PR11       6.0   12.0   32.7   28.1   29.4 9999.0 9999.0 9999.0
 PRU8        .0   12.0   32.7   34.5   53.9 9999.0 9999.0 9999.0
 D09Q       8.2     .0   32.7   22.4   44.1 9999.0 9999.0 9999.0
 OFCL        .0   25.0    8.1   21.0   21.0 9999.0 9999.0 9999.0
 CLP5        .0   49.8   94.9  156.5  188.5 9999.0 9999.0 9999.0

 al042008       DOLLY  2008072300    24.9    95.7    65.0
            00     12     24     36     48     72     96    120
 PR11      10.9    8.1   24.6   18.0 9999.0 9999.0 9999.0 9999.0
 PRU8      12.4    5.4   24.6   12.0 9999.0 9999.0 9999.0 9999.0
 D09Q      10.9    8.1   24.0   45.0 9999.0 9999.0 9999.0 9999.0
 OFCL        .0   20.2   36.0   72.4 9999.0 9999.0 9999.0 9999.0
 CLP5        .0   34.5   56.0   72.1 9999.0 9999.0 9999.0 9999.0

 al042008       DOLLY  2008072400    26.5    97.8    65.0
            00     12     24     36     48     72     96    120
 PR11       8.1   13.1 9999.0 9999.0 9999.0 9999.0 9999.0 9999.0
 PRU8       5.4    6.0 9999.0 9999.0 9999.0 9999.0 9999.0 9999.0
 D09Q      13.1   17.1 9999.0 9999.0 9999.0 9999.0 9999.0 9999.0
 OFCL        .0   24.6 9999.0 9999.0 9999.0 9999.0 9999.0 9999.0
 CLP5        .0   20.9 9999.0 9999.0 9999.0 9999.0 9999.0 9999.0

 al052008     EDOUARD  2008080400    28.1    88.5    45.0
            00     12     24     36     48     72     96    120
 PR11      15.9   48.6   75.0   47.8 9999.0 9999.0 9999.0 9999.0
 PRU8       5.3   51.8   68.8   55.3 9999.0 9999.0 9999.0 9999.0
 D09Q       8.0   48.6   72.5   90.6 9999.0 9999.0 9999.0 9999.0
 OFCL      15.9   32.3   12.1   18.7 9999.0 9999.0 9999.0 9999.0
 CLP5      15.9   71.0  117.2  224.5 9999.0 9999.0 9999.0 9999.0

 al052008     EDOUARD  2008080500    28.5    91.7    45.0
            00     12     24     36     48     72     96    120
 PR11      31.8   31.8 9999.0 9999.0 9999.0 9999.0 9999.0 9999.0
 PRU8      20.9   31.8 9999.0 9999.0 9999.0 9999.0 9999.0 9999.0
 D09Q      26.2   31.8 9999.0 9999.0 9999.0 9999.0 9999.0 9999.0
 OFCL       8.0   47.3 9999.0 9999.0 9999.0 9999.0 9999.0 9999.0
 CLP5       8.0   89.1 9999.0 9999.0 9999.0 9999.0 9999.0 9999.0

 al062008         FAY  2008081600    18.6    70.2    40.0
            00     12     24     36     48     72     96    120
 PR11      12.0   21.3   66.7   57.6  130.4   96.8   53.7  113.1
 PRU8      18.0   24.7   41.4   51.1   98.3   82.4   58.8  144.5
 D09Q      18.9   12.0   56.9   46.6   73.0   49.7   27.3   91.6
 OFCL        .0     .0   11.3   12.8   45.2   63.9  111.8  221.3
 CLP5        .0   18.9   38.4   41.2   61.8   97.4  214.0  218.3

 al062008         FAY  2008081700    19.3    75.7    40.0
            00     12     24     36     48     72     96    120
 PR11       8.2   36.4   81.8   42.4   22.6   62.7   69.2  124.0
 PRU8       8.2   41.1   84.7   37.2    6.0   49.2  102.1  157.4
 D09Q      20.8   30.0   56.5   40.4   12.4   70.4  118.4  161.2
 OFCL        .0    6.0   29.3   20.4   30.5   86.9  163.4  289.7
 CLP5        .0   34.4   69.7  182.5  273.6  455.5  546.6  473.3

 al062008         FAY  2008081800    21.1    80.3    45.0
            00     12     24     36     48     72     96    120
 PR11       8.2   45.5   61.0   73.9   53.7   73.1  149.8 9999.0
 PRU8      12.0  101.8  134.4  148.8  150.3  153.4  347.4 9999.0
 D09Q       8.2   90.8  129.4  164.9  169.2  163.0  231.4 9999.0
 OFCL        .0   60.7   84.2  100.4  105.7  141.7  289.7 9999.0
 CLP5       6.0   87.1  150.0  221.7  279.2  331.8  287.8 9999.0

 al062008         FAY  2008081900    25.0    81.9    50.0
            00     12     24     36     48     72     96    120
 PR11        .0   18.8   18.8   24.6   39.8   72.2   95.9  158.0
 PRU8        .0    6.0   24.6   37.5   60.4   90.9  134.0  198.2
 D09Q        .0   13.2   24.6   20.9   28.9   58.8  107.1  146.1
 OFCL        .0   20.1   41.8   52.4   88.0  103.2  153.4  155.9
 CLP5        .0   20.1   44.9   78.2  136.9  313.1  560.3  824.1

 al062008         FAY  2008082000    27.5    80.9    50.0
            00     12     24     36     48     72     96    120
 PR11       6.0   27.1   38.6   58.8   50.3   57.3   62.1 9999.0
 PRU8       6.0   21.1   32.1   63.2   55.4   71.4   50.4 9999.0
 D09Q       6.0   22.0   21.0   45.7   40.9   15.9   60.2 9999.0
 OFCL        .0   15.8   16.9   18.7   44.5   50.5   62.9 9999.0
 CLP5        .0   19.9   74.9  153.2  246.5  509.9  776.5 9999.0

 al062008         FAY  2008082100    28.9    80.5    50.0
            00     12     24     36     48     72     96    120
 PR11      16.9   44.5   95.0   75.2  103.0  101.3 9999.0 9999.0
 PRU8      16.9   31.8   84.2   74.0  103.0   97.5 9999.0 9999.0
 D09Q      16.9   16.8   64.8   36.1   36.0   43.1 9999.0 9999.0
 OFCL        .0   26.2   52.6   47.3   48.0   19.6 9999.0 9999.0
 CLP5       6.0   16.8   57.5  138.5  242.1  467.8 9999.0 9999.0

 al062008         FAY  2008082200    29.3    81.2    50.0
            00     12     24     36     48     72     96    120
 PR11      13.1   18.7   54.2   57.2   49.1 9999.0 9999.0 9999.0
 PRU8      13.1   24.6   37.5   44.8   60.2 9999.0 9999.0 9999.0
 D09Q       8.0   18.0   18.7   20.8   24.5 9999.0 9999.0 9999.0
 OFCL        .0   13.1    7.9    5.2   24.0 9999.0 9999.0 9999.0
 CLP5        .0   67.8  157.2  247.0  346.6 9999.0 9999.0 9999.0

 al062008         FAY  2008082300    29.7    83.8    45.0
            00     12     24     36     48     72     96    120
 PR11      13.1   16.7   19.6 9999.0 9999.0 9999.0 9999.0 9999.0
 PRU8       6.0   16.7   31.7 9999.0 9999.0 9999.0 9999.0 9999.0
 D09Q       6.0   12.0   28.5 9999.0 9999.0 9999.0 9999.0 9999.0
 OFCL        .0   13.1   43.3 9999.0 9999.0 9999.0 9999.0 9999.0
 CLP5        .0    6.0   35.3 9999.0 9999.0 9999.0 9999.0 9999.0

 al062008         FAY  2008082400    30.8    86.7    30.0
            00     12     24     36     48     72     96    120
 PR11      15.8 9999.0 9999.0 9999.0 9999.0 9999.0 9999.0 9999.0
 PRU8      15.8 9999.0 9999.0 9999.0 9999.0 9999.0 9999.0 9999.0
 D09Q      15.8 9999.0 9999.0 9999.0 9999.0 9999.0 9999.0 9999.0
 OFCL        .0 9999.0 9999.0 9999.0 9999.0 9999.0 9999.0 9999.0
 CLP5        .0 9999.0 9999.0 9999.0 9999.0 9999.0 9999.0 9999.0

 al072008      GUSTAV  2008082600    16.4    71.2    55.0
            00     12     24     36     48     72     96    120
 PR11      11.5  137.4  119.6  143.3  113.8  246.7  261.4  305.9
 PRU8       8.3  115.7  117.9  165.0  150.9  236.6  283.7  346.8
 D09Q      11.5  103.6  112.4  136.6  102.4  190.2  249.3  269.3
 OFCL        .0   29.2   45.9   87.2   86.5  171.6  140.8   18.8
 CLP5        .0   34.3   69.4  132.0  185.4  382.7  432.3  404.8

 al072008      GUSTAV  2008082700    18.4    73.1    65.0
            00     12     24     36     48     72     96    120
 PR11      32.1   61.6  152.7  181.2  209.9  257.0  219.6  336.9
 PRU8      24.8   65.0  135.9  133.1  139.0  164.0  110.2   67.9
 D09Q      12.9   41.3   63.8  129.2  197.3  168.0  120.5   85.7
 OFCL      12.9   47.0   36.1  111.5  128.4  146.6  144.9   98.2
 CLP5      12.9   63.8  114.6  241.1  318.0  414.2  429.5  549.4

 al072008      GUSTAV  2008082800    18.8    75.1    40.0
            00     12     24     36     48     72     96    120
 PR11      13.3   77.1   99.2  121.7  132.9  171.8   73.8  142.9
 PRU8      16.5   90.9   85.2  100.2  122.8  171.6   58.8  136.4
 D09Q      23.5   55.2   66.2   57.9   64.0   91.3   29.3   68.2
 OFCL       6.0   70.7   87.2   90.9   78.2   62.1   49.2  177.9
 CLP5       6.0   88.4  111.6  116.7  100.7   16.3  202.5  457.0

 al072008      GUSTAV  2008082900    17.8    77.0    60.0
            00     12     24     36     48     72     96    120
 PR11      37.8   37.3   36.1   45.7   58.4   95.7  194.2 9999.0
 PRU8      16.6   42.4   24.8   37.7   49.3   76.1  213.3 9999.0
 D09Q      12.0   26.6   30.8   28.7   30.1   82.2  162.1 9999.0
 OFCL        .0   11.4   23.5   43.3   65.4   78.7  162.0 9999.0
 CLP5        .0   18.9   53.1  115.0  190.2  329.0  503.9 9999.0

 al072008      GUSTAV  2008083000    19.2    80.0    70.0
            00     12     24     36     48     72     96    120
 PR11      12.0   47.6   54.3   58.3  107.6  127.5 9999.0 9999.0
 PRU8      12.0   47.6   60.7   77.0  107.0  155.6 9999.0 9999.0
 D09Q       5.7   17.9   28.3   24.9   17.2   78.5 9999.0 9999.0
 OFCL        .0   12.7   29.2   48.3   66.2  162.0 9999.0 9999.0
 CLP5        .0   37.7  105.8  184.8  264.5  440.2 9999.0 9999.0

 al072008      GUSTAV  2008083100    22.7    83.4   125.0
            00     12     24     36     48     72     96    120
 PR11      16.3   13.2   26.8   47.9   66.7 9999.0 9999.0 9999.0
 PRU8      21.1   16.3   27.5   56.1   78.5 9999.0 9999.0 9999.0
 D09Q       8.2    6.0   32.1   45.8   51.1 9999.0 9999.0 9999.0
 OFCL        .0   16.2   24.1   51.7   78.5 9999.0 9999.0 9999.0
 CLP5        .0   34.8   97.2  210.5  309.4 9999.0 9999.0 9999.0

 al072008      GUSTAV  2008090100    26.8    87.7   100.0
            00     12     24     36     48     72     96    120
 PR11       5.4   20.9   44.8 9999.0 9999.0 9999.0 9999.0 9999.0
 PRU8       5.4   12.1   24.6 9999.0 9999.0 9999.0 9999.0 9999.0
 D09Q       5.4   30.5   44.8 9999.0 9999.0 9999.0 9999.0 9999.0
 OFCL        .0   24.2   41.5 9999.0 9999.0 9999.0 9999.0 9999.0
 CLP5        .0   48.9  103.4 9999.0 9999.0 9999.0 9999.0 9999.0

 al072008      GUSTAV  2008090200    30.7    92.3    60.0
            00     12     24     36     48     72     96    120
 PR11        .0 9999.0 9999.0 9999.0 9999.0 9999.0 9999.0 9999.0
 PRU8        .0 9999.0 9999.0 9999.0 9999.0 9999.0 9999.0 9999.0
 D09Q       6.0 9999.0 9999.0 9999.0 9999.0 9999.0 9999.0 9999.0
 OFCL        .0 9999.0 9999.0 9999.0 9999.0 9999.0 9999.0 9999.0
 CLP5        .0 9999.0 9999.0 9999.0 9999.0 9999.0 9999.0 9999.0

 al082008       HANNA  2008082900    20.8    60.4    40.0
            00     12     24     36     48     72     96    120
 PR11      37.4  133.6  240.6  335.1  357.1  402.3  451.2  271.4
 PRU8      24.6  120.1  194.0  315.6  305.3  264.2  334.2  301.3
 D09Q      50.5  146.8  237.3  338.4  359.6  348.7  383.4  356.4
 OFCL      11.2   52.9   88.5  162.1  176.1  210.2  282.5  332.9
 CLP5      11.2   60.9  123.7  163.6  178.0  389.0  555.1  768.0

 al082008       HANNA  2008083000    21.8    64.7    45.0
            00     12     24     36     48     72     96    120
 PR11       8.2   84.6  119.1  108.3  107.1  200.7  244.7  207.4
 PRU8       5.6   79.5  105.5  100.1   96.2  198.7  270.9  211.8
 D09Q       5.6   83.5   82.9   60.8   48.0  144.9  254.8  197.8
 OFCL       6.0   74.6  114.6   79.2   68.0  161.8  235.6  249.5
 CLP5       6.0   50.8   58.3   84.6  152.5  399.7  627.4  642.3

 al082008       HANNA  2008083100    22.8    67.5    50.0
            00     12     24     36     48     72     96    120
 PR11       8.2   21.1   48.8   78.2  109.3  207.7  144.1  125.7
 PRU8       8.2   32.0   48.8   78.0  115.2  236.0  183.3   78.9
 D09Q       8.2   26.4   53.2   78.2  126.1  258.1  147.5  192.1
 OFCL       8.2   55.4   77.2   65.2  102.2  201.8  183.6   48.4
 CLP5       8.2   77.3  124.8  176.6  270.8  523.4  529.0  570.5

 al082008       HANNA  2008090100    23.5    71.8    45.0
            00     12     24     36     48     72     96    120
 PR11      13.2   52.8   89.7  132.0  206.7  218.7  212.8  169.7
 PRU8       8.1   52.8   89.7  132.5  220.5  246.9  253.1  251.0
 D09Q      12.5   53.4   89.9  132.5  204.1  236.4  230.6  172.9
 OFCL      13.2   57.1  111.9  149.2  216.5  272.5  248.7  181.8
 CLP5      13.2  106.8  221.9  316.2  427.8  480.7  322.3  229.6

 al082008       HANNA  2008090200    21.9    72.3    70.0
            00     12     24     36     48     72     96    120
 PR11       8.2   63.6   97.5  177.0  142.9  168.8  223.1  270.1
 PRU8      12.6   78.3  108.6  177.0  155.5  168.8  160.4   94.1
 D09Q       8.2   76.7  128.0  182.7  142.2  160.8  171.2  135.8
 OFCL        .0   49.3  103.1  193.8  192.8  168.8  161.8  162.4
 CLP5        .0   45.6   58.5  119.4  124.3   58.0  302.1  564.5

 al082008       HANNA  2008090300    20.5    72.4    55.0
            00     12     24     36     48     72     96    120
 PR11      12.0  102.2   73.4  115.1  100.3  156.7  204.8 9999.0
 PRU8      18.9   90.0   61.6   90.3   88.6  109.1  162.5 9999.0
 D09Q      28.8   90.2   56.5   73.0   73.8  113.7  151.0 9999.0
 OFCL        .0   66.2   99.8  132.5   86.2   85.6   99.0 9999.0
 CLP5        .0   26.5   96.2  161.0  295.1  508.1  706.2 9999.0

 al082008       HANNA  2008090400    22.7    71.8    55.0
            00     12     24     36     48     72     96    120
 PR11      20.5   50.7   66.2   57.5   36.4  106.4 9999.0 9999.0
 PRU8      25.2   50.7   79.6   69.3   44.1   92.9 9999.0 9999.0
 D09Q      35.3   24.4   24.7   55.5   47.5   60.7 9999.0 9999.0
 OFCL        .0   36.0   77.1   95.0   33.7   27.8 9999.0 9999.0
 CLP5        .0   97.0  274.2  438.9  504.6  490.3 9999.0 9999.0

 al082008       HANNA  2008090500    25.9    75.9    55.0
            00     12     24     36     48     72     96    120
 PR11      13.2   28.8   19.5   48.2   30.4 9999.0 9999.0 9999.0
 PRU8      21.0   49.6   15.3   43.1   36.3 9999.0 9999.0 9999.0
 D09Q       6.0   63.4   15.8   36.3   36.6 9999.0 9999.0 9999.0
 OFCL        .0   50.8   40.9   42.3   35.3 9999.0 9999.0 9999.0
 CLP5        .0   63.6  147.3  309.3  494.3 9999.0 9999.0 9999.0

 al082008       HANNA  2008090600    31.5    79.3    60.0
            00     12     24     36     48     72     96    120
 PR11      23.6   29.8   55.4 9999.0 9999.0 9999.0 9999.0 9999.0
 PRU8      23.6   34.6   53.0 9999.0 9999.0 9999.0 9999.0 9999.0
 D09Q      26.1   45.7   53.2 9999.0 9999.0 9999.0 9999.0 9999.0
 OFCL        .0   53.9   35.3 9999.0 9999.0 9999.0 9999.0 9999.0
 CLP5        .0  111.8  237.6 9999.0 9999.0 9999.0 9999.0 9999.0

 al082008       HANNA  2008090700    39.5    74.6    50.0
            00     12     24     36     48     72     96    120
 PR11      35.2 9999.0 9999.0 9999.0 9999.0 9999.0 9999.0 9999.0
 PRU8      30.3 9999.0 9999.0 9999.0 9999.0 9999.0 9999.0 9999.0
 D09Q      35.2 9999.0 9999.0 9999.0 9999.0 9999.0 9999.0 9999.0
 OFCL        .0 9999.0 9999.0 9999.0 9999.0 9999.0 9999.0 9999.0
 CLP5        .0 9999.0 9999.0 9999.0 9999.0 9999.0 9999.0 9999.0

 al092008         IKE  2008090200    18.1    41.1    45.0
            00     12     24     36     48     72     96    120
 PR11      16.6   24.7   49.3   91.6  114.6  166.6  123.6  207.3
 PRU8      18.1   57.8   40.0   43.5   50.4   98.3   74.0  146.9
 D09Q      31.0   11.4   45.3   54.0  101.7  113.7   55.1   35.6
 OFCL      16.6   24.7   37.6   57.6   68.7   96.2   49.3   61.3
 CLP5      16.6   49.6   97.6  161.4  216.0  326.4  558.4  882.7

 al092008         IKE  2008090300    19.7    47.1    55.0
            00     12     24     36     48     72     96    120
 PR11       5.6   33.7   46.1   65.8   94.7  111.1  130.3 9999.0
 PRU8       5.6   38.2   71.0  126.5  182.9  220.9  138.0 9999.0
 D09Q       5.6   33.3   53.2   89.5  139.0  214.5  224.1 9999.0
 OFCL       5.6   18.9   49.3   60.3   73.8   24.5   72.9 9999.0
 CLP5       5.6   11.2   30.3   79.5  116.0  383.8  743.9 9999.0

 al092008         IKE  2008090400    21.8    53.3   105.0
            00     12     24     36     48     72     96    120
 PR11       8.2   42.4   90.0  156.0  184.4  236.6  334.2  460.9
 PRU8       8.2   58.3  121.1  167.1  240.5  289.1  325.6  467.3
 D09Q       8.2   52.8   96.2  172.7  239.6  278.0  294.2  448.2
 OFCL        .0   12.6   26.4   77.0   89.3  118.9  197.1  294.2
 CLP5        .0   28.2   66.2  190.3  351.1  741.5 1096.0 1435.8

 al092008         IKE  2008090500    23.6    58.9   115.0
            00     12     24     36     48     72     96    120
 PR11       6.0   70.3  110.3  162.0  153.2  132.3  102.9  126.5
 PRU8       8.1   77.5  122.5  158.8  163.1  157.5  102.7  100.3
 D09Q        .0   89.9  159.0  191.1  203.6  187.9  157.4  150.0
 OFCL        .0   30.0   57.0   89.6   91.0  126.6  224.4  279.2
 CLP5        .0   68.4  174.8  316.5  449.8  738.1 1042.5 1301.5

 al092008         IKE  2008090600    22.8    64.8   100.0
            00     12     24     36     48     72     96    120
 PR11       8.2   66.0  109.2   76.7   53.7   24.6     .0   29.8
 PRU8       8.2   77.2  131.9  116.2   61.9   51.6   69.8  150.1
 D09Q       6.0   72.0  113.0   68.1   58.5     .0    6.0   58.1
 OFCL        .0   26.5   42.4   54.0   48.3   79.3  117.6  124.9
 CLP5        .0   36.4   68.1  102.6  132.1  263.1  374.8  522.0

 al092008         IKE  2008090700    21.3    70.2   115.0
            00     12     24     36     48     72     96    120
 PR11      13.2   29.3   22.4   18.0   21.2   30.5   43.4  100.2
 PRU8       6.0   36.4   16.4   49.3   63.8   73.7   69.6  226.4
 D09Q      13.2   48.3   36.4    6.0   21.2   52.8   75.2  157.7
 OFCL        .0   11.2   20.6    8.2   11.1   36.5   24.3   51.6
 CLP5        .0    8.2   18.9   28.6   46.2   69.0  128.9  325.3

 al092008         IKE  2008090800    21.1    75.2   115.0
            00     12     24     36     48     72     96    120
 PR11      12.7   11.2   13.2   16.6   12.6   29.8   24.7  119.4
 PRU8       8.2   11.2   18.0   18.8    5.5   42.1    6.0  116.2
 D09Q      12.7    8.2   13.2   13.2    6.0   29.8   18.0  135.3
 OFCL        .0   24.6   29.2   45.6   40.7   18.8   51.6  112.5
 CLP5        .0   36.8   49.2   70.7   94.1  139.9  298.6  538.4

 al092008         IKE  2008090900    21.7    80.2    70.0
            00     12     24     36     48     72     96    120
 PR11      13.2   28.6   28.2   44.3   71.1  122.1  215.7  565.4
 PRU8       8.2   41.1   17.6   44.3   80.1  137.9  237.7  575.8
 D09Q       6.0   33.1   17.6   49.4   94.5  142.4  207.9  452.8
 OFCL        .0    5.5    6.0   25.0   49.4   60.5   80.8  358.3
 CLP5        .0   24.5   47.4   77.0   99.9  239.8  459.2  531.3

 al092008         IKE  2008091000    23.1    84.0    65.0
            00     12     24     36     48     72     96    120
 PR11       6.0   17.5   27.9   27.8   56.8  127.6  335.3 9999.0
 PRU8       6.0   12.5   16.4   12.4   44.1  123.9  343.7 9999.0
 D09Q       6.0    8.1   22.6   27.1   44.1  123.4  350.8 9999.0
 OFCL        .0   12.5   44.0   54.6   74.1   88.4  252.5 9999.0
 CLP5        .0   18.8   31.9   73.9  145.8  347.5  410.3 9999.0

 al092008         IKE  2008091100    24.7    86.3    85.0
            00     12     24     36     48     72     96    120
 PR11       6.0    5.4   18.8   37.6   56.3  214.0 9999.0 9999.0
 PRU8       5.5     .0   18.0   18.0   43.3  210.4 9999.0 9999.0
 D09Q       5.5    8.1   18.8     .0   24.6  113.2 9999.0 9999.0
 OFCL        .0    6.0   13.2   16.1   44.7  138.1 9999.0 9999.0
 CLP5        .0   59.2  139.0  260.3  363.4  419.4 9999.0 9999.0

 al092008         IKE  2008091200    26.2    89.9    85.0
            00     12     24     36     48     72     96    120
 PR11       6.0   12.3   13.1   81.0  171.7 9999.0 9999.0 9999.0
 PRU8       6.0    8.0   18.8   59.1  176.2 9999.0 9999.0 9999.0
 D09Q       6.0   16.1   16.0   43.3  135.9 9999.0 9999.0 9999.0
 OFCL        .0   13.1   12.0   10.4   51.2 9999.0 9999.0 9999.0
 CLP5        .0   27.4   60.9  110.2  185.8 9999.0 9999.0 9999.0

 al092008         IKE  2008091300    28.3    94.1    95.0
            00     12     24     36     48     72     96    120
 PR11      13.1   10.4   23.4 9999.0 9999.0 9999.0 9999.0 9999.0
 PRU8      13.1   20.8   82.6 9999.0 9999.0 9999.0 9999.0 9999.0
 D09Q      13.1   13.1   39.1 9999.0 9999.0 9999.0 9999.0 9999.0
 OFCL        .0    5.2   25.8 9999.0 9999.0 9999.0 9999.0 9999.0
 CLP5       5.3   65.4  222.7 9999.0 9999.0 9999.0 9999.0 9999.0

 al092008         IKE  2008091400    33.3    94.8    35.0
            00     12     24     36     48     72     96    120
 PR11      11.7 9999.0 9999.0 9999.0 9999.0 9999.0 9999.0 9999.0
 PRU8      10.0 9999.0 9999.0 9999.0 9999.0 9999.0 9999.0 9999.0
 D09Q      10.0 9999.0 9999.0 9999.0 9999.0 9999.0 9999.0 9999.0
 OFCL        .0 9999.0 9999.0 9999.0 9999.0 9999.0 9999.0 9999.0
 CLP5        .0 9999.0 9999.0 9999.0 9999.0 9999.0 9999.0 9999.0

 al102008   JOSEPHINE  2008090300    13.5    26.3    45.0
            00     12     24     36     48     72     96    120
 PR11        .0   70.2  174.9  245.5  324.7  475.4 9999.0 9999.0
 PRU8       8.4   96.5  234.5  358.7  443.5  674.3 9999.0 9999.0
 D09Q      12.0  153.2  240.4  285.1  330.4  501.8 9999.0 9999.0
 OFCL        .0   39.3   84.7  118.6  175.1  287.4 9999.0 9999.0
 CLP5        .0   26.7   66.7   90.7  130.1  256.2 9999.0 9999.0

 al102008   JOSEPHINE  2008090400    13.9    30.0    45.0
            00     12     24     36     48     72     96    120
 PR11       5.8   79.3  154.9  209.0  244.1 9999.0 9999.0 9999.0
 PRU8      12.0  175.4  368.1  483.0  592.5 9999.0 9999.0 9999.0
 D09Q      11.6   79.3  105.9  202.3  284.5 9999.0 9999.0 9999.0
 OFCL      13.1   42.4   90.3  160.4  239.4 9999.0 9999.0 9999.0
 CLP5      13.1   31.4   66.3  122.0  201.8 9999.0 9999.0 9999.0

 al102008   JOSEPHINE  2008090500    15.0    33.4    40.0
            00     12     24     36     48     72     96    120
 PR11      16.7   62.8   65.0 9999.0 9999.0 9999.0 9999.0 9999.0
 PRU8      13.3  104.5  131.3 9999.0 9999.0 9999.0 9999.0 9999.0
 D09Q       5.8   71.5  112.1 9999.0 9999.0 9999.0 9999.0 9999.0
 OFCL        .0   26.1   55.0 9999.0 9999.0 9999.0 9999.0 9999.0
 CLP5        .0   40.9  100.8 9999.0 9999.0 9999.0 9999.0 9999.0

 al102008   JOSEPHINE  2008090600    16.1    35.4    30.0
            00     12     24     36     48     72     96    120
 PR11       8.3 9999.0 9999.0 9999.0 9999.0 9999.0 9999.0 9999.0
 PRU8       5.8 9999.0 9999.0 9999.0 9999.0 9999.0 9999.0 9999.0
 D09Q      18.0 9999.0 9999.0 9999.0 9999.0 9999.0 9999.0 9999.0
 OFCL        .0 9999.0 9999.0 9999.0 9999.0 9999.0 9999.0 9999.0
 CLP5        .0 9999.0 9999.0 9999.0 9999.0 9999.0 9999.0 9999.0

 al112008        KYLE  2008092600    24.0    68.0    45.0
            00     12     24     36     48     72     96    120
 PR11      12.5   78.2  110.4  118.9  105.1   91.3 9999.0 9999.0
 PRU8       8.1   66.2  166.9  180.4  172.0  135.9 9999.0 9999.0
 D09Q      13.2   16.1   75.2   98.1   73.5   63.3 9999.0 9999.0
 OFCL      12.0   40.3   30.5   78.2   90.8   51.7 9999.0 9999.0
 CLP5      12.0   75.7  142.7  249.6  385.4  635.8 9999.0 9999.0

 al112008        KYLE  2008092700    28.7    68.6    55.0
            00     12     24     36     48     72     96    120
 PR11      16.9   57.0   23.0   41.2   42.2 9999.0 9999.0 9999.0
 PRU8       8.0   59.9   34.5   54.2   56.9 9999.0 9999.0 9999.0
 D09Q       8.0   50.4   68.1   98.0   74.0 9999.0 9999.0 9999.0
 OFCL        .0   31.3   45.6   54.8   81.0 9999.0 9999.0 9999.0
 CLP5        .0   66.7  175.7  279.4  426.2 9999.0 9999.0 9999.0

 al112008        KYLE  2008092800    35.3    69.7    65.0
            00     12     24     36     48     72     96    120
 PR11      24.5   45.4   30.9 9999.0 9999.0 9999.0 9999.0 9999.0
 PRU8      25.9   45.4   30.9 9999.0 9999.0 9999.0 9999.0 9999.0
 D09Q      26.6  228.1  512.4 9999.0 9999.0 9999.0 9999.0 9999.0
 OFCL        .0   28.4   43.8 9999.0 9999.0 9999.0 9999.0 9999.0
 CLP5        .0   36.8   91.0 9999.0 9999.0 9999.0 9999.0 9999.0

 al112008        KYLE  2008092900    43.8    66.2    60.0
            00     12     24     36     48     72     96    120
 PR11       4.3 9999.0 9999.0 9999.0 9999.0 9999.0 9999.0 9999.0
 PRU8       8.7 9999.0 9999.0 9999.0 9999.0 9999.0 9999.0 9999.0
 D09Q      14.3 9999.0 9999.0 9999.0 9999.0 9999.0 9999.0 9999.0
 OFCL        .0 9999.0 9999.0 9999.0 9999.0 9999.0 9999.0 9999.0
 CLP5        .0 9999.0 9999.0 9999.0 9999.0 9999.0 9999.0 9999.0

 al122008       LAURA  2008100100    42.9    48.3    45.0
            00     12     24     36     48     72     96    120
 PR11       6.0   24.6 9999.0 9999.0 9999.0 9999.0 9999.0 9999.0
 PRU8       6.0   24.6 9999.0 9999.0 9999.0 9999.0 9999.0 9999.0
 D09Q       6.0   27.1 9999.0 9999.0 9999.0 9999.0 9999.0 9999.0
 OFCL        .0   12.7 9999.0 9999.0 9999.0 9999.0 9999.0 9999.0
 CLP5        .0   30.0 9999.0 9999.0 9999.0 9999.0 9999.0 9999.0

 al132008       MARCO  2008100700    19.7    95.2    55.0
            00     12     24     36     48     72     96    120
 PR11       6.0 9999.0 9999.0 9999.0 9999.0 9999.0 9999.0 9999.0
 PRU8       8.2 9999.0 9999.0 9999.0 9999.0 9999.0 9999.0 9999.0
 D09Q      12.0 9999.0 9999.0 9999.0 9999.0 9999.0 9999.0 9999.0
 OFCL       5.6 9999.0 9999.0 9999.0 9999.0 9999.0 9999.0 9999.0
 CLP5       5.6 9999.0 9999.0 9999.0 9999.0 9999.0 9999.0 9999.0

 al132008       MARCO  2008100800    20.0    97.3    25.0
            00     12     24     36     48     72     96    120
 PR11      50.9 9999.0 9999.0 9999.0 9999.0 9999.0 9999.0 9999.0
 PRU8      42.4 9999.0 9999.0 9999.0 9999.0 9999.0 9999.0 9999.0
 D09Q      53.1 9999.0 9999.0 9999.0 9999.0 9999.0 9999.0 9999.0
 OFCL        .0 9999.0 9999.0 9999.0 9999.0 9999.0 9999.0 9999.0
 CLP5        .0 9999.0 9999.0 9999.0 9999.0 9999.0 9999.0 9999.0

 al142008        NANA  2008101300    16.5    38.4    35.0
            00     12     24     36     48     72     96    120
 PR11       6.0   62.3  103.6 9999.0 9999.0 9999.0 9999.0 9999.0
 PRU8      17.3   62.3   58.4 9999.0 9999.0 9999.0 9999.0 9999.0
 D09Q      13.0   75.7   85.6 9999.0 9999.0 9999.0 9999.0 9999.0
 OFCL       5.8   36.5   18.9 9999.0 9999.0 9999.0 9999.0 9999.0
 CLP5       5.8   42.0   12.9 9999.0 9999.0 9999.0 9999.0 9999.0

 al142008        NANA  2008101400    17.5    41.3    30.0
            00     12     24     36     48     72     96    120
 PR11      12.0 9999.0 9999.0 9999.0 9999.0 9999.0 9999.0 9999.0
 PRU8       6.0 9999.0 9999.0 9999.0 9999.0 9999.0 9999.0 9999.0
 D09Q       6.0 9999.0 9999.0 9999.0 9999.0 9999.0 9999.0 9999.0
 OFCL        .0 9999.0 9999.0 9999.0 9999.0 9999.0 9999.0 9999.0
 CLP5        .0 9999.0 9999.0 9999.0 9999.0 9999.0 9999.0 9999.0

 al152008     FIFTEEN  2008101400    14.5    69.5    30.0
            00     12     24     36     48     72     96    120
 PR11      13.3   75.8   84.6  174.9   96.3   96.1  318.8 9999.0
 PRU8      12.0   76.5  125.2   84.4   83.8  131.1  286.5 9999.0
 D09Q      18.9   65.1   78.5   79.9   87.1   68.8  116.9 9999.0
 OFCL        .0   36.5   85.8   96.2   95.7  257.6  559.9 9999.0
 CLP5        .0   50.5  125.6  188.7  357.7  837.8 1319.3 9999.0

 al152008        OMAR  2008101500    14.1    68.3    65.0
            00     12     24     36     48     72     96    120
 PR11      11.6   62.5   67.0   84.5  122.2  230.2 9999.0 9999.0
 PRU8       8.4   62.5   36.5   79.9  101.5  180.5 9999.0 9999.0
 D09Q       5.8   67.0   75.5  114.4  146.0  291.3 9999.0 9999.0
 OFCL        .0   26.1   13.0   74.3  138.6  352.4 9999.0 9999.0
 CLP5        .0    5.8  127.3  337.2  568.0 1029.7 9999.0 9999.0

 al152008        OMAR  2008101600    16.6    65.2    90.0
            00     12     24     36     48     72     96    120
 PR11       8.3   25.6   81.5   64.7   42.8 9999.0 9999.0 9999.0
 PRU8      18.0   40.0   58.0   75.3   93.9 9999.0 9999.0 9999.0
 D09Q      13.3   56.2   89.6   65.5   31.4 9999.0 9999.0 9999.0
 OFCL        .0   57.8  137.8  260.1  308.0 9999.0 9999.0 9999.0
 CLP5        .0   70.0  163.7  362.2  466.1 9999.0 9999.0 9999.0

 al152008        OMAR  2008101700    22.8    58.8    65.0
            00     12     24     36     48     72     96    120
 PR11      12.6   50.6   23.7   58.1 9999.0 9999.0 9999.0 9999.0
 PRU8      13.2   60.2   50.9   94.0 9999.0 9999.0 9999.0 9999.0
 D09Q      13.2   60.2   39.5   74.0 9999.0 9999.0 9999.0 9999.0
 OFCL        .0   93.9  119.6  106.5 9999.0 9999.0 9999.0 9999.0
 CLP5        .0  120.0  145.5  100.7 9999.0 9999.0 9999.0 9999.0

 al152008        OMAR  2008101800    31.2    53.3    55.0
            00     12     24     36     48     72     96    120
 PR11      11.9   19.3 9999.0 9999.0 9999.0 9999.0 9999.0 9999.0
 PRU8        .0   16.2 9999.0 9999.0 9999.0 9999.0 9999.0 9999.0
 D09Q       5.1   25.9 9999.0 9999.0 9999.0 9999.0 9999.0 9999.0
 OFCL        .0   20.6 9999.0 9999.0 9999.0 9999.0 9999.0 9999.0
 CLP5        .0   87.6 9999.0 9999.0 9999.0 9999.0 9999.0 9999.0

 al162008     SIXTEEN  2008101500    16.0    83.6    25.0
            00     12     24     36     48     72     96    120
 PR11      16.6   31.2   37.6 9999.0 9999.0 9999.0 9999.0 9999.0
 PRU8       8.3   37.5   34.7 9999.0 9999.0 9999.0 9999.0 9999.0
 D09Q       8.3   62.7   73.1 9999.0 9999.0 9999.0 9999.0 9999.0
 OFCL       6.0   26.6   61.1 9999.0 9999.0 9999.0 9999.0 9999.0
 CLP5       6.0   54.0  130.6 9999.0 9999.0 9999.0 9999.0 9999.0

 al162008     SIXTEEN  2008101600    15.3    85.6    30.0
            00     12     24     36     48     72     96    120
 PR11       8.3 9999.0 9999.0 9999.0 9999.0 9999.0 9999.0 9999.0
 PRU8       8.3 9999.0 9999.0 9999.0 9999.0 9999.0 9999.0 9999.0
 D09Q       5.8 9999.0 9999.0 9999.0 9999.0 9999.0 9999.0 9999.0
 OFCL        .0 9999.0 9999.0 9999.0 9999.0 9999.0 9999.0 9999.0
 CLP5        .0 9999.0 9999.0 9999.0 9999.0 9999.0 9999.0 9999.0

 al172008   SEVENTEEN  2008110600    14.2    82.0    30.0
            00     12     24     36     48     72     96    120
 PR11      12.0   41.0   80.4   90.4   59.6   82.1   79.8 9999.0
 PRU8      12.0   55.1   80.4   85.8  114.1  157.2  137.6 9999.0
 D09Q      18.0   55.1   98.8  116.3  118.3  141.4   35.6 9999.0
 OFCL       6.0   41.7  104.2  128.9  153.5  242.6  110.6 9999.0
 CLP5       6.0   52.2  121.5  159.6  211.3  355.5  321.1 9999.0

 al172008      PALOMA  2008110700    16.9    81.7    65.0
            00     12     24     36     48     72     96    120
 PR11       5.7   23.6   37.8   51.2   59.0   12.7 9999.0 9999.0
 PRU8       5.7   17.1   29.4   79.9  123.6  156.3 9999.0 9999.0
 D09Q       8.3   23.6   25.7   37.5   84.8   78.2 9999.0 9999.0
 OFCL        .0   12.9   25.7   70.1   95.4   55.5 9999.0 9999.0
 CLP5        .0    8.3   33.0  109.8  173.2  135.1 9999.0 9999.0

 al172008      PALOMA  2008110800    18.9    81.1   100.0
            00     12     24     36     48     72     96    120
 PR11        .0   53.9   28.1   45.2   65.8 9999.0 9999.0 9999.0
 PRU8        .0   75.5   90.7   30.5   20.6 9999.0 9999.0 9999.0
 D09Q        .0   52.2   56.4    6.0   37.4 9999.0 9999.0 9999.0
 OFCL        .0   40.0   62.9    6.0   50.2 9999.0 9999.0 9999.0
 CLP5        .0   59.2  116.0  122.7  139.9 9999.0 9999.0 9999.0

 al172008      PALOMA  2008110900    20.7    78.1   105.0
            00     12     24     36     48     72     96    120
 PR11      18.9   36.0   72.2 9999.0 9999.0 9999.0 9999.0 9999.0
 PRU8      12.0   69.5   29.2 9999.0 9999.0 9999.0 9999.0 9999.0
 D09Q      21.2   33.3   24.0 9999.0 9999.0 9999.0 9999.0 9999.0
 OFCL      12.7   58.7   94.9 9999.0 9999.0 9999.0 9999.0 9999.0
 CLP5      12.7  121.8  229.0 9999.0 9999.0 9999.0 9999.0 9999.0

 al172008      PALOMA  2008111000    21.7    78.0    25.0
            00     12     24     36     48     72     96    120
 PR11      18.8 9999.0 9999.0 9999.0 9999.0 9999.0 9999.0 9999.0
 PRU8      12.0 9999.0 9999.0 9999.0 9999.0 9999.0 9999.0 9999.0
 D09Q      21.2 9999.0 9999.0 9999.0 9999.0 9999.0 9999.0 9999.0
 OFCL        .0 9999.0 9999.0 9999.0 9999.0 9999.0 9999.0 9999.0
 CLP5        .0 9999.0 9999.0 9999.0 9999.0 9999.0 9999.0 9999.0
