! sens/instr/sat lev  use pressure gross   obs    b_oz  pg_oz
!                                  error  error variational qc
 sbuv6_n14        1   -1    0.240  1.000  1.000 10.000  0.000
 sbuv6_n14        2   -1    0.490  1.000  1.000 10.000  0.000
 sbuv6_n14        3   -1    0.980  1.000  1.000 10.000  0.000
 sbuv6_n14        4   -1    1.950  1.000  1.000 10.000  0.000
 sbuv6_n14        5   -1    3.900  2.000  1.000 10.000  0.000
 sbuv6_n14        6   -1    7.800  3.000  1.414 10.000  0.000
 sbuv6_n14        7   -1   15.600  5.000  1.225 10.000  0.000
 sbuv6_n14        8   -1   31.000  7.000  1.225 10.000  0.000
 sbuv6_n14        9   -1   62.000  7.000  1.871 10.000  0.000
 sbuv6_n14       10   -1  125.000  5.000  1.871 10.000  0.000
 sbuv6_n14       11   -1  250.000  3.000  1.732 10.000  0.000
 sbuv6_n14       12   -1 1000.000  3.000  1.414 10.000  0.000
 sbuv6_n14       13   -1    0.000 12.000  2.236 10.000  0.000
 sbuv6_n16        1   -1    0.240  1.000  1.000 10.000  0.000
 sbuv6_n16        2   -1    0.490  1.000  1.000 10.000  0.000
 sbuv6_n16        3   -1    0.980  1.000  1.000 10.000  0.000
 sbuv6_n16        4   -1    1.950  1.000  1.000 10.000  0.000
 sbuv6_n16        5   -1    3.900  2.000  1.000 10.000  0.000
 sbuv6_n16        6   -1    7.800  3.000  1.414 10.000  0.000
 sbuv6_n16        7   -1   15.600  5.000  1.225 10.000  0.000
 sbuv6_n16        8   -1   31.000  7.000  1.225 10.000  0.000
 sbuv6_n16        9   -1   62.000  7.000  1.871 10.000  0.000
 sbuv6_n16       10   -1  125.000  5.000  1.871 10.000  0.000
 sbuv6_n16       11   -1  250.000  3.000  1.732 10.000  0.000
 sbuv6_n16       12   -1 1000.000  3.000  1.414 10.000  0.000
 sbuv6_n16       13   -1    0.000 12.000  2.236 10.000  0.000
 sbuv6_n17        1   -1    0.240  1.000  1.000 10.000  0.000
 sbuv6_n17        2   -1    0.490  1.000  1.000 10.000  0.000
 sbuv6_n17        3   -1    0.980  1.000  1.000 10.000  0.000
 sbuv6_n17        4   -1    1.950  1.000  1.000 10.000  0.000
 sbuv6_n17        5   -1    3.900  2.000  1.000 10.000  0.000
 sbuv6_n17        6   -1    7.800  3.000  1.414 10.000  0.000
 sbuv6_n17        7   -1   15.600  5.000  1.225 10.000  0.000
 sbuv6_n17        8   -1   31.000  7.000  1.225 10.000  0.000
 sbuv6_n17        9   -1   62.000  7.000  1.871 10.000  0.000
 sbuv6_n17       10   -1  125.000  5.000  1.871 10.000  0.000
 sbuv6_n17       11   -1  250.000  3.000  1.732 10.000  0.000
 sbuv6_n17       12   -1 1000.000  3.000  1.414 10.000  0.000
 sbuv6_n17       13   -1    0.000 12.000  2.236 10.000  0.000
 sbuv6_n18        1   -1    0.240  1.000  1.000 10.000  0.000
 sbuv6_n18        2   -1    0.490  1.000  1.000 10.000  0.000
 sbuv6_n18        3   -1    0.980  1.000  1.000 10.000  0.000
 sbuv6_n18        4   -1    1.950  1.000  1.000 10.000  0.000
 sbuv6_n18        5   -1    3.900  2.000  1.000 10.000  0.000
 sbuv6_n18        6   -1    7.800  3.000  1.414 10.000  0.000
 sbuv6_n18        7   -1   15.600  5.000  1.225 10.000  0.000
 sbuv6_n18        8   -1   31.000  7.000  1.225 10.000  0.000
 sbuv6_n18        9   -1   62.000  7.000  1.871 10.000  0.000
 sbuv6_n18       10   -1  125.000  5.000  1.871 10.000  0.000
 sbuv6_n18       11   -1  250.000  3.000  1.732 10.000  0.000
 sbuv6_n18       12   -1 1000.000  3.000  1.414 10.000  0.000
 sbuv6_n18       13   -1    0.000 12.000  2.236 10.000  0.000
 sbuv8_n16        1    1    0.100  1.000  1.000 10.000  0.000
 sbuv8_n16        2    1    0.158  1.000  1.000 10.000  0.000
 sbuv8_n16        3    1    0.251  1.000  1.000 10.000  0.000
 sbuv8_n16        4    1    0.398  1.000  1.000 10.000  0.000
 sbuv8_n16        5    1    0.631  1.000  1.000 10.000  0.000
 sbuv8_n16        6    1    1.000  1.000  1.000 10.000  0.000
 sbuv8_n16        7    1    1.580  1.000  1.000 10.000  0.000
 sbuv8_n16        8    1    2.510  1.282  1.000 10.000  0.000
 sbuv8_n16        9    1    3.980  2.051  1.021 10.000  0.000
 sbuv8_n16       10    1    6.310  2.641  1.265 10.000  0.000
 sbuv8_n16       11    1   10.000  3.590  1.358 10.000  0.000
 sbuv8_n16       12    1   15.800  5.052  1.225 10.000  0.000
 sbuv8_n16       13    1   25.100  6.273  1.225 10.000  0.000
 sbuv8_n16       14    1   39.800  7.000  1.423 10.000  0.000
 sbuv8_n16       15    1   63.100  6.940  1.871 10.000  0.000
 sbuv8_n16       16    1  100.000  5.752  1.871 10.000  0.000
 sbuv8_n16       17    1  158.000  4.422  1.831 10.000  0.000
 sbuv8_n16       18    1  251.000  3.000  1.730 10.000  0.000
 sbuv8_n16       19    1  398.000  3.000  1.667 10.000  0.000
 sbuv8_n16       20    1  631.000  3.000  1.567 10.000  0.000
 sbuv8_n16       21    1 1000.000  3.000  1.408 10.000  0.000
 sbuv8_n16       22    1    0.000 12.000  2.236 10.000  0.000
 sbuv8_n17        1    1    0.100  1.000  1.000 10.000  0.000
 sbuv8_n17        2    1    0.158  1.000  1.000 10.000  0.000
 sbuv8_n17        3    1    0.251  1.000  1.000 10.000  0.000
 sbuv8_n17        4    1    0.398  1.000  1.000 10.000  0.000
 sbuv8_n17        5    1    0.631  1.000  1.000 10.000  0.000
 sbuv8_n17        6    1    1.000  1.000  1.000 10.000  0.000
 sbuv8_n17        7    1    1.580  1.000  1.000 10.000  0.000
 sbuv8_n17        8    1    2.510  1.282  1.000 10.000  0.000
 sbuv8_n17        9    1    3.980  2.051  1.021 10.000  0.000
 sbuv8_n17       10    1    6.310  2.641  1.265 10.000  0.000
 sbuv8_n17       11    1   10.000  3.590  1.358 10.000  0.000
 sbuv8_n17       12    1   15.800  5.052  1.225 10.000  0.000
 sbuv8_n17       13    1   25.100  6.273  1.225 10.000  0.000
 sbuv8_n17       14    1   39.800  7.000  1.423 10.000  0.000
 sbuv8_n17       15    1   63.100  6.940  1.871 10.000  0.000
 sbuv8_n17       16    1  100.000  5.752  1.871 10.000  0.000
 sbuv8_n17       17    1  158.000  4.422  1.831 10.000  0.000
 sbuv8_n17       18    1  251.000  3.000  1.730 10.000  0.000
 sbuv8_n17       19    1  398.000  3.000  1.667 10.000  0.000
 sbuv8_n17       20    1  631.000  3.000  1.567 10.000  0.000
 sbuv8_n17       21    1 1000.000  3.000  1.408 10.000  0.000
 sbuv8_n17       22    1    0.000 12.000  2.236 10.000  0.000
 sbuv8_n18        1    1    0.100  1.000  1.000 10.000  0.000
 sbuv8_n18        2    1    0.158  1.000  1.000 10.000  0.000
 sbuv8_n18        3    1    0.251  1.000  1.000 10.000  0.000
 sbuv8_n18        4    1    0.398  1.000  1.000 10.000  0.000
 sbuv8_n18        5    1    0.631  1.000  1.000 10.000  0.000
 sbuv8_n18        6    1    1.000  1.000  1.000 10.000  0.000
 sbuv8_n18        7    1    1.580  1.000  1.000 10.000  0.000
 sbuv8_n18        8    1    2.510  1.282  1.000 10.000  0.000
 sbuv8_n18        9    1    3.980  2.051  1.021 10.000  0.000
 sbuv8_n18       10    1    6.310  2.641  1.265 10.000  0.000
 sbuv8_n18       11    1   10.000  3.590  1.358 10.000  0.000
 sbuv8_n18       12    1   15.800  5.052  1.225 10.000  0.000
 sbuv8_n18       13    1   25.100  6.273  1.225 10.000  0.000
 sbuv8_n18       14    1   39.800  7.000  1.423 10.000  0.000
 sbuv8_n18       15    1   63.100  6.940  1.871 10.000  0.000
 sbuv8_n18       16    1  100.000  5.752  1.871 10.000  0.000
 sbuv8_n18       17    1  158.000  4.422  1.831 10.000  0.000
 sbuv8_n18       18    1  251.000  3.000  1.730 10.000  0.000
 sbuv8_n18       19    1  398.000  3.000  1.667 10.000  0.000
 sbuv8_n18       20    1  631.000  3.000  1.567 10.000  0.000
 sbuv8_n18       21    1 1000.000  3.000  1.408 10.000  0.000
 sbuv8_n18       22    1    0.000 12.000  2.236 10.000  0.000
 omi_aura         1   -1    0.000 12.000  2.236 10.000  0.000
