!sensor/instr/sat   chan iuse  error  ermax  var_b  var_pg
 amsua_n15             1    1  3.000  4.500  10.00   0.000
 amsua_n15             2    1  2.000  4.500  10.00   0.000
 amsua_n15             3    1  2.000  4.500  10.00   0.000
 amsua_n15             4    1  0.600  2.500  10.00   0.000
 amsua_n15             5    1  0.300  2.000  10.00   0.000
 amsua_n15             6    1  0.230  2.000  10.00   0.000
 amsua_n15             7    1  0.250  2.000  10.00   0.000
 amsua_n15             8    1  0.275  2.000  10.00   0.000
 amsua_n15             9    1  0.340  2.000  10.00   0.000
 amsua_n15            10    1  0.400  2.000  10.00   0.000
 amsua_n15            11   -1  0.600  2.500  10.00   0.000
 amsua_n15            12    1  1.000  3.500  10.00   0.000
 amsua_n15            13    1  1.500  4.500  10.00   0.000
 amsua_n15            14   -1  2.000  4.500  10.00   0.000
 amsua_n15            15    1  3.000  4.500  10.00   0.000
 amsub_n15             1    1  5.000  6.000  10.00   0.000
 amsub_n15             2    1  3.750  6.000  10.00   0.000
 amsub_n15             3    1  3.500  6.000  10.00   0.000
 amsub_n15             4   -1  3.200  6.000  10.00   0.000
 amsub_n15             5    1  2.500  6.000  10.00   0.000
 hirs3_n16             1   -1  2.250  4.500  10.00   0.000
 hirs3_n16             2   -1  0.700  2.500  10.00   0.000
 hirs3_n16             3   -1  0.570  2.500  10.00   0.000
 hirs3_n16             4   -1  0.420  2.000  10.00   0.000
 hirs3_n16             5   -1  0.355  2.000  10.00   0.000
 hirs3_n16             6   -1  0.460  2.000  10.00   0.000
 hirs3_n16             7   -1  0.530  2.500  10.00   0.000
 hirs3_n16             8   -1  1.000  3.000  10.00   0.000
 hirs3_n16             9   -1  1.100  3.500  10.00   0.000
 hirs3_n16            10   -1  0.550  2.500  10.00   0.000
 hirs3_n16            11   -1  1.100  3.500  10.00   0.000
 hirs3_n16            12   -1  1.700  4.500  10.00   0.000
 hirs3_n16            13   -1  0.450  2.500  10.00   0.000
 hirs3_n16            14   -1  0.250  2.500  10.00   0.000
 hirs3_n16            15   -1  0.300  2.500  10.00   0.000
 hirs3_n16            16   -1  1.000  4.500  10.00   0.000
 hirs3_n16            17   -1  2.000  4.500  10.00   0.000
 hirs3_n16            18   -1  2.000  4.500  10.00   0.000
 hirs3_n16            19   -1  2.000  4.500  10.00   0.000
 amsua_n16             1   -1  2.500  4.500  10.00   0.000
 amsua_n16             2   -1  2.000  4.500  10.00   0.000
 amsua_n16             3   -1  2.000  4.500  10.00   0.000
 amsua_n16             4   -1  0.550  2.500  10.00   0.000
 amsua_n16             5   -1  0.300  2.000  10.00   0.000
 amsua_n16             6   -1  0.250  2.000  10.00   0.000
 amsua_n16             7   -1  0.235  2.000  10.00   0.000
 amsua_n16             8   -1  0.400  2.000  10.00   0.000
 amsua_n16             9   -1  0.300  2.000  10.00   0.000
 amsua_n16            10   -1  0.400  2.000  10.00   0.000
 amsua_n16            11   -1  0.600  2.500  10.00   0.000
 amsua_n16            12   -1  1.000  3.500  10.00   0.000
 amsua_n16            13   -1  1.500  4.500  10.00   0.000
 amsua_n16            14   -1  2.000  4.500  10.00   0.000
 amsua_n16            15   -1  2.500  4.500  10.00   0.000
 amsub_n16             1    1  4.000  6.000  10.00   0.000
 amsub_n16             2    1  3.750  6.000  10.00   0.000
 amsub_n16             3    1  3.500  6.000  10.00   0.000
 amsub_n16             4    1  3.000  6.000  10.00   0.000
 amsub_n16             5    1  2.800  6.000  10.00   0.000
 hirs3_n17             1   -1  2.000  4.500  10.00   0.000
 hirs3_n17             2    1  0.600  2.500  10.00   0.000
 hirs3_n17             3    1  0.530  2.500  10.00   0.000
 hirs3_n17             4    1  0.400  2.000  10.00   0.000
 hirs3_n17             5    1  0.360  2.000  10.00   0.000
 hirs3_n17             6    1  0.460  2.000  10.00   0.000
 hirs3_n17             7    1  0.570  2.500  10.00   0.000
 hirs3_n17             8    1  1.000  3.000  10.00   0.000
 hirs3_n17             9    1  1.100  3.500  10.00   0.000
 hirs3_n17            10    1  0.600  2.500  10.00   0.000
 hirs3_n17            11    1  1.200  3.500  10.00   0.000
 hirs3_n17            12    1  1.600  4.500  10.00   0.000
 hirs3_n17            13    1  0.364  2.000  10.00   0.000
 hirs3_n17            14    1  0.260  2.000  10.00   0.000
 hirs3_n17            15    1  0.260  2.000  10.00   0.000
 hirs3_n17            16   -1  1.000  3.500  10.00   0.000
 hirs3_n17            17   -1  2.000  4.500  10.00   0.000
 hirs3_n17            18   -1  2.000  4.500  10.00   0.000
 hirs3_n17            19   -1  2.000  4.500  10.00   0.000
 amsua_n17             1   -1  7.000  4.500  10.00   0.000
 amsua_n17             2   -1  6.000  4.500  10.00   0.000
 amsua_n17             3   -1  5.000  4.500  10.00   0.000
 amsua_n17             4   -1  0.600  2.500  10.00   0.000
 amsua_n17             5   -1  0.300  2.000  10.00   0.000
 amsua_n17             6   -1  0.250  2.000  10.00   0.000
 amsua_n17             7   -1  0.270  2.000  10.00   0.000
 amsua_n17             8   -1  0.270  2.000  10.00   0.000
 amsua_n17             9   -1  0.300  2.000  10.00   0.000
 amsua_n17            10   -1  0.400  2.000  10.00   0.000
 amsua_n17            11   -1  0.700  2.500  10.00   0.000
 amsua_n17            12   -1  1.100  3.500  10.00   0.000
 amsua_n17            13   -1  2.100  4.500  10.00   0.000
 amsua_n17            14   -1  3.000  4.500  10.00   0.000
 amsua_n17            15   -1  9.000  4.500  10.00   0.000
 amsub_n17             1    1  4.500  6.000  10.00   0.000
 amsub_n17             2    1  3.750  6.000  10.00   0.000
 amsub_n17             3    1  3.500  6.000  10.00   0.000
 amsub_n17             4    1  3.000  6.000  10.00   0.000
 amsub_n17             5    1  2.800  6.000  10.00   0.000
 hirs4_n18             1   -1  2.500  4.500  10.00   0.000
 hirs4_n18             2   -1  0.600  2.500  10.00   0.000
 hirs4_n18             3   -1  0.530  2.500  10.00   0.000
 hirs4_n18             4   -1  0.400  2.000  10.00   0.000
 hirs4_n18             5   -1  0.360  2.000  10.00   0.000
 hirs4_n18             6   -1  0.460  2.000  10.00   0.000
 hirs4_n18             7   -1  0.570  2.500  10.00   0.000
 hirs4_n18             8   -1  1.000  3.000  10.00   0.000
 hirs4_n18             9   -1  1.100  3.500  10.00   0.000
 hirs4_n18            10   -1  0.600  2.500  10.00   0.000
 hirs4_n18            11   -1  1.200  4.500  10.00   0.000
 hirs4_n18            12   -1  1.600  4.500  10.00   0.000
 hirs4_n18            13   -1  0.364  2.000  10.00   0.000
 hirs4_n18            14   -1  0.260  2.000  10.00   0.000
 hirs4_n18            15   -1  0.260  2.000  10.00   0.000
 hirs4_n18            16   -1  1.000  3.500  10.00   0.000
 hirs4_n18            17   -1  2.000  4.500  10.00   0.000
 hirs4_n18            18   -1  2.000  4.500  10.00   0.000
 hirs4_n18            19   -1  2.000  4.500  10.00   0.000
 amsua_n18             1    1  2.500  4.500  10.00   0.000
 amsua_n18             2    1  2.000  4.500  10.00   0.000
 amsua_n18             3    1  2.000  4.500  10.00   0.000
 amsua_n18             4    1  0.550  2.500  10.00   0.000
 amsua_n18             5    1  0.300  2.000  10.00   0.000
 amsua_n18             6    1  0.230  2.000  10.00   0.000
 amsua_n18             7    1  0.230  2.000  10.00   0.000
 amsua_n18             8    1  0.250  2.000  10.00   0.000
 amsua_n18             9   -1  0.250  2.000  10.00   0.000
 amsua_n18            10    1  0.350  2.000  10.00   0.000
 amsua_n18            11    1  0.400  2.500  10.00   0.000
 amsua_n18            12    1  0.550  3.500  10.00   0.000
 amsua_n18            13    1  0.800  4.500  10.00   0.000
 amsua_n18            14   -1  3.000  4.500  10.00   0.000
 amsua_n18            15    1  2.500  4.500  10.00   0.000
 mhs_n18               1    1  2.500  6.000  10.00   0.000
 mhs_n18               2    1  2.500  6.000  10.00   0.000
 mhs_n18               3    1  2.500  6.000  10.00   0.000
 mhs_n18               4    1  2.000  6.000  10.00   0.000
 mhs_n18               5    1  2.000  6.000  10.00   0.000
 hirs4_metop-a         1   -1  2.500  4.500  10.00   0.000
 hirs4_metop-a         2    1  0.600  2.500  10.00   0.000
 hirs4_metop-a         3    1  0.530  2.500  10.00   0.000
 hirs4_metop-a         4    1  0.400  2.000  10.00   0.000
 hirs4_metop-a         5    1  0.360  2.000  10.00   0.000
 hirs4_metop-a         6    1  0.460  2.000  10.00   0.000
 hirs4_metop-a         7    1  0.570  2.500  10.00   0.000
 hirs4_metop-a         8    1  1.000  3.000  10.00   0.000
 hirs4_metop-a         9    1  1.100  3.500  10.00   0.000
 hirs4_metop-a        10    1  0.600  2.500  10.00   0.000
 hirs4_metop-a        11    1  1.200  4.500  10.00   0.000
 hirs4_metop-a        12    1  1.600  4.500  10.00   0.000
 hirs4_metop-a        13    1  0.364  2.000  10.00   0.000
 hirs4_metop-a        14    1  0.260  2.000  10.00   0.000
 hirs4_metop-a        15    1  0.260  2.000  10.00   0.000
 hirs4_metop-a        16   -1  1.000  3.500  10.00   0.000
 hirs4_metop-a        17   -1  2.000  4.500  10.00   0.000
 hirs4_metop-a        18   -1  2.000  4.500  10.00   0.000
 hirs4_metop-a        19   -1  2.000  4.500  10.00   0.000
 amsua_metop-a         1    1  2.500  4.500  10.00   0.000
 amsua_metop-a         2    1  2.000  4.500  10.00   0.000
 amsua_metop-a         3    1  2.000  4.500  10.00   0.000
 amsua_metop-a         4    1  0.550  2.500  10.00   0.000
 amsua_metop-a         5    1  0.300  2.000  10.00   0.000
 amsua_metop-a         6    1  0.230  2.000  10.00   0.000
 amsua_metop-a         7   -1  0.230  2.000  10.00   0.000
 amsua_metop-a         8    1  0.250  2.000  10.00   0.000
 amsua_metop-a         9    1  0.250  2.000  10.00   0.000
 amsua_metop-a        10    1  0.350  2.000  10.00   0.000
 amsua_metop-a        11    1  0.400  2.500  10.00   0.000
 amsua_metop-a        12    1  0.550  3.500  10.00   0.000
 amsua_metop-a        13    1  0.800  4.500  10.00   0.000
 amsua_metop-a        14   -1  3.000  4.500  10.00   0.000
 amsua_metop-a        15    1  2.500  4.500  10.00   0.000
 mhs_metop-a           1    1  2.500  6.000  10.00   0.000
 mhs_metop-a           2    1  2.500  6.000  10.00   0.000
 mhs_metop-a           3    1  2.500  6.000  10.00   0.000
 mhs_metop-a           4    1  2.000  6.000  10.00   0.000
 mhs_metop-a           5    1  2.000  6.000  10.00   0.000
 iasi616_metop-a      16    1  1.380  3.000  10.00   0.000 
 iasi616_metop-a      29   -1  0.810  2.000  10.00   0.000 
 iasi616_metop-a      32   -1  0.750  2.000  10.00   0.000 
 iasi616_metop-a      35   -1  0.790  2.000  10.00   0.000 
 iasi616_metop-a      38    1  0.720  2.000  10.00   0.000 
 iasi616_metop-a      41   -1  0.740  2.000  10.00   0.000 
 iasi616_metop-a      44   -1  0.680  2.000  10.00   0.000 
 iasi616_metop-a      47   -1  0.720  2.000  10.00   0.000 
 iasi616_metop-a      49    1  0.650  2.000  10.00   0.000 
 iasi616_metop-a      50   -1  0.650  2.000  10.00   0.000 
 iasi616_metop-a      51    1  0.650  2.000  10.00   0.000 
 iasi616_metop-a      53   -1  0.690  2.000  10.00   0.000 
 iasi616_metop-a      55    1  0.640  2.000  10.00   0.000 
 iasi616_metop-a      56   -1  0.640  2.000  10.00   0.000 
 iasi616_metop-a      57    1  0.650  2.000  10.00   0.000 
 iasi616_metop-a      59    1  0.670  2.000  10.00   0.000 
 iasi616_metop-a      61    1  0.620  2.000  10.00   0.000 
 iasi616_metop-a      62   -1  0.610  2.000  10.00   0.000 
 iasi616_metop-a      63    1  0.620  2.000  10.00   0.000 
 iasi616_metop-a      66    1  0.640  2.000  10.00   0.000 
 iasi616_metop-a      68   -1  0.590  2.000  10.00   0.000 
 iasi616_metop-a      70    1  0.760  2.000  10.00   0.000 
 iasi616_metop-a      72    1  1.220  4.000  10.00   0.000 
 iasi616_metop-a      74    1  0.780  2.000  10.00   0.000 
 iasi616_metop-a      76   -1  0.640  2.000  10.00   0.000 
 iasi616_metop-a      78   -1  0.620  2.000  10.00   0.000 
 iasi616_metop-a      79    1  0.610  2.000  10.00   0.000 
 iasi616_metop-a      81    1  0.690  2.000  10.00   0.000 
 iasi616_metop-a      82   -1  0.650  2.000  10.00   0.000 
 iasi616_metop-a      83    1  0.590  2.000  10.00   0.000 
 iasi616_metop-a      84   -1  0.610  2.000  10.00   0.000 
 iasi616_metop-a      85    1  0.590  2.000  10.00   0.000 
 iasi616_metop-a      86   -1  0.680  2.000  10.00   0.000 
 iasi616_metop-a      87    1  0.620  2.000  10.00   0.000 
 iasi616_metop-a      89   -1  0.680  2.000  10.00   0.000 
 iasi616_metop-a      92   -1  4.380  2.000  10.00   0.000 
 iasi616_metop-a      93   -1  3.050  2.000  10.00   0.000 
 iasi616_metop-a      95   -1  2.310  2.000  10.00   0.000 
 iasi616_metop-a      97   -1  1.560  4.000  10.00   0.000 
 iasi616_metop-a      99   -1  1.330  4.000  10.00   0.000 
 iasi616_metop-a     101   -1  1.580  3.500  10.00   0.000 
 iasi616_metop-a     103   -1  0.930  2.500  10.00   0.000 
 iasi616_metop-a     104    1  1.670  2.000  10.00   0.000 
 iasi616_metop-a     106    1  0.720  2.000  10.00   0.000 
 iasi616_metop-a     109    1  0.570  2.000  10.00   0.000 
 iasi616_metop-a     110   -1  0.580  2.000  10.00   0.000 
 iasi616_metop-a     111    1  0.550  2.000  10.00   0.000 
 iasi616_metop-a     113    1  0.680  2.000  10.00   0.000 
 iasi616_metop-a     116    1  0.590  2.000  10.00   0.000 
 iasi616_metop-a     119    1  0.680  2.000  10.00   0.000 
 iasi616_metop-a     122    1  0.590  2.000  10.00   0.000 
 iasi616_metop-a     125    1  0.650  2.000  10.00   0.000 
 iasi616_metop-a     128    1  0.580  2.000  10.00   0.000 
 iasi616_metop-a     131    1  0.620  2.000  10.00   0.000 
 iasi616_metop-a     133    1  0.640  2.000  10.00   0.000 
 iasi616_metop-a     135    1  0.580  2.000  10.00   0.000 
 iasi616_metop-a     138    1  0.640  2.000  10.00   0.000 
 iasi616_metop-a     141    1  0.550  2.000  10.00   0.000 
 iasi616_metop-a     144    1  0.640  2.000  10.00   0.000 
 iasi616_metop-a     146    1  0.500  2.000  10.00   0.000 
 iasi616_metop-a     148    1  0.820  2.000  10.00   0.000 
 iasi616_metop-a     150   -1  0.590  2.000  10.00   0.000 
 iasi616_metop-a     151    1  0.620  2.000  10.00   0.000 
 iasi616_metop-a     154    1  0.510  2.000  10.00   0.000 
 iasi616_metop-a     157    1  0.640  2.000  10.00   0.000 
 iasi616_metop-a     159    1  0.520  2.000  10.00   0.000 
 iasi616_metop-a     160   -1  0.510  2.000  10.00   0.000 
 iasi616_metop-a     161    1  0.510  2.000  10.00   0.000 
 iasi616_metop-a     163    1  0.760  2.000  10.00   0.000 
 iasi616_metop-a     167    1  0.520  2.000  10.00   0.000 
 iasi616_metop-a     170    1  0.570  2.000  10.00   0.000 
 iasi616_metop-a     173    1  0.550  2.000  10.00   0.000 
 iasi616_metop-a     176    1  0.690  2.000  10.00   0.000 
 iasi616_metop-a     179   -1  0.580  2.000  10.00   0.000 
 iasi616_metop-a     180    1  0.650  2.000  10.00   0.000 
 iasi616_metop-a     185    1  0.610  2.000  10.00   0.000 
 iasi616_metop-a     187    1  0.590  2.000  10.00   0.000 
 iasi616_metop-a     191   -1  0.640  2.000  10.00   0.000 
 iasi616_metop-a     193    1  0.760  2.000  10.00   0.000 
 iasi616_metop-a     197   -1  0.720  2.000  10.00   0.000 
 iasi616_metop-a     199    1  1.050  3.500  10.00   0.000 
 iasi616_metop-a     200   -1  0.750  2.000  10.00   0.000 
 iasi616_metop-a     202   -1  0.510  2.000  10.00   0.000 
 iasi616_metop-a     203   -1  0.650  2.000  10.00   0.000 
 iasi616_metop-a     205    1  1.300  2.000  10.00   0.000 
 iasi616_metop-a     207    1  0.690  2.000  10.00   0.000 
 iasi616_metop-a     210    1  0.930  2.000  10.00   0.000 
 iasi616_metop-a     212    1  1.490  3.000  10.00   0.000 
 iasi616_metop-a     213   -1  1.120  2.000  10.00   0.000 
 iasi616_metop-a     214    1  0.680  2.000  10.00   0.000 
 iasi616_metop-a     217    1  0.660  2.000  10.00   0.000 
 iasi616_metop-a     218   -1  0.670  2.000  10.00   0.000 
 iasi616_metop-a     219    1  0.590  2.000  10.00   0.000 
 iasi616_metop-a     222    1  0.590  2.000  10.00   0.000 
 iasi616_metop-a     224    1  0.690  2.000  10.00   0.000 
 iasi616_metop-a     225   -1  0.670  2.000  10.00   0.000 
 iasi616_metop-a     226    1  0.640  2.000  10.00   0.000 
 iasi616_metop-a     228   -1  0.620  2.000  10.00   0.000 
 iasi616_metop-a     230    1  0.720  2.000  10.00   0.000 
 iasi616_metop-a     231   -1  0.690  2.000  10.00   0.000 
 iasi616_metop-a     232    1  0.660  2.000  10.00   0.000 
 iasi616_metop-a     236    1  0.790  2.000  10.00   0.000 
 iasi616_metop-a     237   -1  0.780  2.000  10.00   0.000 
 iasi616_metop-a     239    1  0.740  2.000  10.00   0.000 
 iasi616_metop-a     243    1  0.880  2.500  10.00   0.000 
 iasi616_metop-a     246    1  0.770  2.000  10.00   0.000 
 iasi616_metop-a     249    1  0.880  2.500  10.00   0.000 
 iasi616_metop-a     252    1  0.860  2.500  10.00   0.000 
 iasi616_metop-a     254    1  1.000  3.000  10.00   0.000 
 iasi616_metop-a     259   -1  0.870  2.500  10.00   0.000 
 iasi616_metop-a     260    1  0.850  2.500  10.00   0.000 
 iasi616_metop-a     262    1  0.880  2.500  10.00   0.000 
 iasi616_metop-a     265    1  0.840  2.500  10.00   0.000 
 iasi616_metop-a     267    1  0.840  3.500  10.00   0.000 
 iasi616_metop-a     269    1  0.840  2.500  10.00   0.000 
 iasi616_metop-a     275    1  0.800  2.500  10.00   0.000 
 iasi616_metop-a     279   -1  0.800  3.000  10.00   0.000 
 iasi616_metop-a     282    1  0.870  3.500  10.00   0.000 
 iasi616_metop-a     285   -1  0.980  3.000  10.00   0.000 
 iasi616_metop-a     294    1  0.520  4.000  10.00   0.000 
 iasi616_metop-a     296    1  0.650  4.000  10.00   0.000 
 iasi616_metop-a     299    1  0.690  4.000  10.00   0.000 
 iasi616_metop-a     300   -1  0.610  4.000  10.00   0.000 
 iasi616_metop-a     303    1  0.600  4.000  10.00   0.000 
 iasi616_metop-a     306    1  0.670  4.000  10.00   0.000 
 iasi616_metop-a     309   -1  0.790  4.500  10.00   0.000 
 iasi616_metop-a     313   -1  0.620  4.500  10.00   0.000 
 iasi616_metop-a     320   -1  0.660  4.500  10.00   0.000 
 iasi616_metop-a     323    1  0.700  4.500  10.00   0.000 
 iasi616_metop-a     326   -1  0.650  4.500  10.00   0.000 
 iasi616_metop-a     327    1  0.620  4.000  10.00   0.000 
 iasi616_metop-a     329    1  0.610  4.500  10.00   0.000 
 iasi616_metop-a     332   -1  0.620  4.000  10.00   0.000 
 iasi616_metop-a     335    1  0.530  4.000  10.00   0.000 
 iasi616_metop-a     345    1  0.600  4.500  10.00   0.000 
 iasi616_metop-a     347    1  0.680  2.500  10.00   0.000 
 iasi616_metop-a     350    1  0.950  3.000  10.00   0.000 
 iasi616_metop-a     354    1  0.630  2.500  10.00   0.000 
 iasi616_metop-a     356    1  0.970  3.000  10.00   0.000 
 iasi616_metop-a     360    1  0.650  2.500  10.00   0.000 
 iasi616_metop-a     363   -1  0.980  3.000  10.00   0.000 
 iasi616_metop-a     366    1  0.580  2.000  10.00   0.000 
 iasi616_metop-a     371    1  0.730  2.500  10.00   0.000 
 iasi616_metop-a     372   -1  0.650  2.500  10.00   0.000 
 iasi616_metop-a     373    1  0.850  3.000  10.00   0.000 
 iasi616_metop-a     375    1  0.990  3.000  10.00   0.000 
 iasi616_metop-a     377    1  0.760  2.500  10.00   0.000 
 iasi616_metop-a     379    1  0.850  3.000  10.00   0.000 
 iasi616_metop-a     381    1  0.970  3.000  10.00   0.000 
 iasi616_metop-a     383    1  0.770  3.000  10.00   0.000 
 iasi616_metop-a     386    1  0.620  2.500  10.00   0.000 
 iasi616_metop-a     389    1  0.630  2.500  10.00   0.000 
 iasi616_metop-a     398    1  1.210  4.000  10.00   0.000 
 iasi616_metop-a     401    1  1.410  4.500  10.00   0.000 
 iasi616_metop-a     404    1  1.550  4.500  10.00   0.000 
 iasi616_metop-a     405   -1  1.780  5.000  10.00   0.000 
 iasi616_metop-a     407    1  1.350  4.000  10.00   0.000 
 iasi616_metop-a     408   -1  1.140  4.000  10.00   0.000 
 iasi616_metop-a     410    1  1.690  5.000  10.00   0.000 
 iasi616_metop-a     411   -1  1.790  5.000  10.00   0.000 
 iasi616_metop-a     414    1  1.460  5.000  10.00   0.000 
 iasi616_metop-a     416    1  1.630  5.000  10.00   0.000 
 iasi616_metop-a     418   -1  1.940  5.500  10.00   0.000 
 iasi616_metop-a     423   -1  2.010  5.500  10.00   0.000 
 iasi616_metop-a     426    1  1.240  4.000  10.00   0.000 
 iasi616_metop-a     428    1  1.760  5.000  10.00   0.000 
 iasi616_metop-a     432    1  1.260  4.000  10.00   0.000 
 iasi616_metop-a     433   -1  1.470  4.500  10.00   0.000 
 iasi616_metop-a     434    1  1.900  5.500  10.00   0.000 
 iasi616_metop-a     439    1  1.660  5.500  10.00   0.000 
 iasi616_metop-a     442   -1  2.130  6.000  10.00   0.000 
 iasi616_metop-a     445    1  1.490  4.500  10.00   0.000 
 iasi616_metop-a     450   -1  1.520  4.500  10.00   0.000 
 iasi616_metop-a     457    1  1.550  4.000  10.00   0.000 
 iasi616_metop-a     459   -1  1.960  5.000  10.00   0.000 
 iasi616_metop-a     472   -1  2.310  5.000  10.00   0.000 
 iasi616_metop-a     477   -1  2.330  6.000  10.00   0.000 
 iasi616_metop-a     483   -1  2.320  6.000  10.00   0.000 
 iasi616_metop-a     509   -1  2.310  6.000  10.00   0.000 
 iasi616_metop-a     515    1  2.330  6.000  10.00   0.000 
 iasi616_metop-a     546    1  2.230  6.000  10.00   0.000 
 iasi616_metop-a     552    1  2.330  6.000  10.00   0.000 
 iasi616_metop-a     559    1  1.840  6.000  10.00   0.000 
 iasi616_metop-a     566    1  2.290  6.000  10.00   0.000 
 iasi616_metop-a     571    1  2.280  6.000  10.00   0.000 
 iasi616_metop-a     573    1  2.280  6.000  10.00   0.000 
 iasi616_metop-a     578   -1  2.280  6.000  10.00   0.000 
 iasi616_metop-a     584   -1  2.260  6.000  10.00   0.000 
 iasi616_metop-a     594   -1  2.260  6.000  10.00   0.000 
 iasi616_metop-a     625   -1  2.260  6.000  10.00   0.000 
 iasi616_metop-a     646    1  2.270  6.000  10.00   0.000 
 iasi616_metop-a     662    1  2.240  6.000  10.00   0.000 
 iasi616_metop-a     668    1  2.230  6.000  10.00   0.000 
 iasi616_metop-a     705   -1  2.240  6.000  10.00   0.000 
 iasi616_metop-a     739   -1  2.260  6.000  10.00   0.000 
 iasi616_metop-a     756    1  2.280  6.000  10.00   0.000 
 iasi616_metop-a     797   -1  2.280  6.000  10.00   0.000 
 iasi616_metop-a     867    1  2.300  6.000  10.00   0.000 
 iasi616_metop-a     906    1  2.150  6.000  10.00   0.000 
 iasi616_metop-a     921    1  2.310  6.000  10.00   0.000 
 iasi616_metop-a    1027    1  2.370  6.000  10.00   0.000 
 iasi616_metop-a    1046    1  2.270  6.000  10.00   0.000 
 iasi616_metop-a    1090   -1  2.290  6.000  10.00   0.000 
 iasi616_metop-a    1098   -1  2.290  6.000  10.00   0.000 
 iasi616_metop-a    1121    1  2.230  6.000  10.00   0.000 
 iasi616_metop-a    1133    1  2.280  6.000  10.00   0.000 
 iasi616_metop-a    1173   -1  2.320  6.000  10.00   0.000 
 iasi616_metop-a    1191    1  2.320  6.000  10.00   0.000 
 iasi616_metop-a    1194    1  2.310  6.000  10.00   0.000 
 iasi616_metop-a    1222   -1  2.320  6.000  10.00   0.000 
 iasi616_metop-a    1271    1  2.320  6.000  10.00   0.000 
 iasi616_metop-a    1283   -1  2.310  6.000  10.00   0.000 
 iasi616_metop-a    1338   -1  2.310  6.000  10.00   0.000 
 iasi616_metop-a    1409   -1  2.280  6.000  10.00   0.000 
 iasi616_metop-a    1414   -1  2.290  6.000  10.00   0.000 
 iasi616_metop-a    1420   -1  2.280  6.000  10.00   0.000 
 iasi616_metop-a    1424   -1  2.260  6.000  10.00   0.000 
 iasi616_metop-a    1427   -1  2.290  6.000  10.00   0.000 
 iasi616_metop-a    1430   -1  2.270  6.000  10.00   0.000 
 iasi616_metop-a    1434   -1  2.260  6.000  10.00   0.000 
 iasi616_metop-a    1440   -1  2.250  6.000  10.00   0.000 
 iasi616_metop-a    1442   -1  2.270  6.000  10.00   0.000 
 iasi616_metop-a    1445   -1  2.240  6.000  10.00   0.000 
 iasi616_metop-a    1450   -1  2.210  6.000  10.00   0.000 
 iasi616_metop-a    1454   -1  2.240  6.000  10.00   0.000 
 iasi616_metop-a    1460   -1  2.170  6.000  10.00   0.000 
 iasi616_metop-a    1463   -1  2.180  6.000  10.00   0.000 
 iasi616_metop-a    1469   -1  2.170  6.000  10.00   0.000 
 iasi616_metop-a    1474   -1  2.210  6.000  10.00   0.000 
 iasi616_metop-a    1479    1  1.990  6.000  10.00   0.000 
 iasi616_metop-a    1483   -1  2.160  6.000  10.00   0.000 
 iasi616_metop-a    1487   -1  2.200  6.000  10.00   0.000 
 iasi616_metop-a    1494   -1  2.130  6.000  10.00   0.000 
 iasi616_metop-a    1496   -1  2.120  6.000  10.00   0.000 
 iasi616_metop-a    1502   -1  2.130  6.000  10.00   0.000 
 iasi616_metop-a    1505   -1  2.100  6.000  10.00   0.000 
 iasi616_metop-a    1509    1  2.120  6.000  10.00   0.000 
 iasi616_metop-a    1510   -1  2.110  6.000  10.00   0.000 
 iasi616_metop-a    1513    1  2.090  6.000  10.00   0.000 
 iasi616_metop-a    1518   -1  2.090  6.000  10.00   0.000 
 iasi616_metop-a    1521    1  2.080  6.000  10.00   0.000 
 iasi616_metop-a    1526   -1  2.090  6.000  10.00   0.000 
 iasi616_metop-a    1529   -1  2.040  6.000  10.00   0.000 
 iasi616_metop-a    1532   -1  2.040  6.000  10.00   0.000 
 iasi616_metop-a    1536    1  2.100  6.000  10.00   0.000 
 iasi616_metop-a    1537   -1  2.010  6.000  10.00   0.000 
 iasi616_metop-a    1541   -1  2.050  6.000  10.00   0.000 
 iasi616_metop-a    1545   -1  2.030  6.000  10.00   0.000 
 iasi616_metop-a    1548   -1  2.060  6.000  10.00   0.000 
 iasi616_metop-a    1553   -1  1.980  6.000  10.00   0.000 
 iasi616_metop-a    1560   -1  1.950  6.000  10.00   0.000 
 iasi616_metop-a    1568   -1  1.940  6.000  10.00   0.000 
 iasi616_metop-a    1574    1  1.910  6.000  10.00   0.000 
 iasi616_metop-a    1579    1  1.700  6.000  10.00   0.000 
 iasi616_metop-a    1583   -1  1.760  6.000  10.00   0.000 
 iasi616_metop-a    1585    1  1.770  6.000  10.00   0.000 
 iasi616_metop-a    1587    1  1.830  6.000  10.00   0.000 
 iasi616_metop-a    1606   -1  2.040  6.000  10.00   0.000 
 iasi616_metop-a    1626    1  1.910  6.000  10.00   0.000 
 iasi616_metop-a    1639    1  1.990  6.000  10.00   0.000 
 iasi616_metop-a    1643    1  1.990  6.000  10.00   0.000 
 iasi616_metop-a    1652    1  2.070  6.000  10.00   0.000 
 iasi616_metop-a    1658    1  2.020  6.000  10.00   0.000 
 iasi616_metop-a    1659   -1  2.040  6.000  10.00   0.000 
 iasi616_metop-a    1666   -1  2.100  6.000  10.00   0.000 
 iasi616_metop-a    1671    1  2.060  6.000  10.00   0.000 
 iasi616_metop-a    1675   -1  2.180  6.000  10.00   0.000 
 iasi616_metop-a    1681   -1  2.210  6.000  10.00   0.000 
 iasi616_metop-a    1694   -1  2.240  6.000  10.00   0.000 
 iasi616_metop-a    1697   -1  2.230  6.000  10.00   0.000 
 iasi616_metop-a    1710   -1  2.230  6.000  10.00   0.000 
 iasi616_metop-a    1786    1  1.980  6.000  10.00   0.000 
 iasi616_metop-a    1791   -1  2.200  6.000  10.00   0.000 
 iasi616_metop-a    1805    1  2.180  6.000  10.00   0.000 
 iasi616_metop-a    1839   -1  2.180  6.000  10.00   0.000 
 iasi616_metop-a    1884    1  2.210  6.000  10.00   0.000 
 iasi616_metop-a    1913   -1  2.230  6.000  10.00   0.000 
 iasi616_metop-a    1946   -1  2.240  6.000  10.00   0.000 
 iasi616_metop-a    1947   -1  2.240  6.000  10.00   0.000 
 iasi616_metop-a    1991    1  2.250  6.000  10.00   0.000 
 iasi616_metop-a    2019    1  1.800  6.000  10.00   0.000 
 iasi616_metop-a    2094    1  2.240  6.000  10.00   0.000 
 iasi616_metop-a    2119    1  1.730  6.000  10.00   0.000 
 iasi616_metop-a    2213    1  1.730  6.000  10.00   0.000 
 iasi616_metop-a    2239    1  2.270  6.000  10.00   0.000 
 iasi616_metop-a    2271    1  1.670  6.000  10.00   0.000 
 iasi616_metop-a    2289   -1  2.210  6.000  10.00   0.000 
 iasi616_metop-a    2321    1  1.720  6.000  10.00   0.000 
 iasi616_metop-a    2333   -1  2.230  6.000  10.00   0.000 
 iasi616_metop-a    2346   -1  2.230  6.000  10.00   0.000 
 iasi616_metop-a    2349   -1  2.230  6.000  10.00   0.000 
 iasi616_metop-a    2352   -1  2.240  6.000  10.00   0.000 
 iasi616_metop-a    2359   -1  2.230  6.000  10.00   0.000 
 iasi616_metop-a    2367   -1  2.120  6.000  10.00   0.000 
 iasi616_metop-a    2374   -1  2.170  6.000  10.00   0.000 
 iasi616_metop-a    2398    1  1.740  6.000  10.00   0.000 
 iasi616_metop-a    2426   -1  2.020  6.000  10.00   0.000 
 iasi616_metop-a    2562   -1  1.880  6.000  10.00   0.000 
 iasi616_metop-a    2701    1  1.670  6.000  10.00   0.000 
 iasi616_metop-a    2741   -1  1.730  6.000  10.00   0.000 
 iasi616_metop-a    2745   -1  1.830  6.000  10.00   0.000 
 iasi616_metop-a    2760   -1  1.820  6.000  10.00   0.000 
 iasi616_metop-a    2819   -1  1.730  6.000  10.00   0.000 
 iasi616_metop-a    2889   -1  1.830  6.000  10.00   0.000 
 iasi616_metop-a    2907   -1  2.190  6.000  10.00   0.000 
 iasi616_metop-a    2910   -1  1.840  6.000  10.00   0.000 
 iasi616_metop-a    2919   -1  1.890  6.000  10.00   0.000 
 iasi616_metop-a    2921   -1  1.600  6.000  10.00   0.000 
 iasi616_metop-a    2939   -1  1.710  6.000  10.00   0.000 
 iasi616_metop-a    2944   -1  1.860  6.000  10.00   0.000 
 iasi616_metop-a    2945   -1  1.850  6.000  10.00   0.000 
 iasi616_metop-a    2948   -1  1.840  6.000  10.00   0.000 
 iasi616_metop-a    2951   -1  1.870  6.000  10.00   0.000 
 iasi616_metop-a    2958   -1  1.910  6.000  10.00   0.000 
 iasi616_metop-a    2971   -1  1.520  6.000  10.00   0.000 
 iasi616_metop-a    2977   -1  1.950  6.000  10.00   0.000 
 iasi616_metop-a    2985   -1  1.870  6.000  10.00   0.000 
 iasi616_metop-a    2988   -1  1.890  6.000  10.00   0.000 
 iasi616_metop-a    2990   -1  1.910  6.000  10.00   0.000 
 iasi616_metop-a    2991   -1  1.910  6.000  10.00   0.000 
 iasi616_metop-a    2993   -1  1.930  6.000  10.00   0.000 
 iasi616_metop-a    3002   -1  1.900  6.000  10.00   0.000 
 iasi616_metop-a    3008   -1  1.910  6.000  10.00   0.000 
 iasi616_metop-a    3014   -1  1.900  6.000  10.00   0.000 
 iasi616_metop-a    3027   -1  1.890  6.000  10.00   0.000 
 iasi616_metop-a    3029   -1  1.890  6.000  10.00   0.000 
 iasi616_metop-a    3030   -1  1.910  6.000  10.00   0.000 
 iasi616_metop-a    3036   -1  1.900  6.000  10.00   0.000 
 iasi616_metop-a    3047   -1  1.910  6.000  10.00   0.000 
 iasi616_metop-a    3049   -1  1.910  6.000  10.00   0.000 
 iasi616_metop-a    3052   -1  1.910  6.000  10.00   0.000 
 iasi616_metop-a    3053   -1  1.930  6.000  10.00   0.000 
 iasi616_metop-a    3055   -1  1.940  6.000  10.00   0.000 
 iasi616_metop-a    3058   -1  1.910  6.000  10.00   0.000 
 iasi616_metop-a    3064   -1  1.920  6.000  10.00   0.000 
 iasi616_metop-a    3069   -1  1.770  6.000  10.00   0.000 
 iasi616_metop-a    3087   -1  1.910  6.000  10.00   0.000 
 iasi616_metop-a    3093   -1  1.950  6.000  10.00   0.000 
 iasi616_metop-a    3098   -1  1.190  6.000  10.00   0.000 
 iasi616_metop-a    3105   -1  1.960  6.000  10.00   0.000 
 iasi616_metop-a    3107   -1  1.980  6.000  10.00   0.000 
 iasi616_metop-a    3110   -1  1.940  6.000  10.00   0.000 
 iasi616_metop-a    3116   -1  1.550  6.000  10.00   0.000 
 iasi616_metop-a    3127   -1  1.910  6.000  10.00   0.000 
 iasi616_metop-a    3129   -1  1.920  6.000  10.00   0.000 
 iasi616_metop-a    3136   -1  1.920  6.000  10.00   0.000 
 iasi616_metop-a    3146   -1  1.970  6.000  10.00   0.000 
 iasi616_metop-a    3151   -1  1.930  6.000  10.00   0.000 
 iasi616_metop-a    3160   -1  1.990  6.000  10.00   0.000 
 iasi616_metop-a    3165   -1  1.860  6.000  10.00   0.000 
 iasi616_metop-a    3168   -1  1.120  6.000  10.00   0.000 
 iasi616_metop-a    3175   -1  1.930  6.000  10.00   0.000 
 iasi616_metop-a    3178   -1  1.920  6.000  10.00   0.000 
 iasi616_metop-a    3189   -1  1.950  6.000  10.00   0.000 
 iasi616_metop-a    3207   -1  1.850  6.000  10.00   0.000 
 iasi616_metop-a    3228   -1  1.840  6.000  10.00   0.000 
 iasi616_metop-a    3244   -1  1.910  6.000  10.00   0.000 
 iasi616_metop-a    3248   -1  1.120  6.000  10.00   0.000 
 iasi616_metop-a    3252   -1  1.820  6.000  10.00   0.000 
 iasi616_metop-a    3256   -1  1.820  6.000  10.00   0.000 
 iasi616_metop-a    3263   -1  1.950  6.000  10.00   0.000 
 iasi616_metop-a    3281   -1  1.240  6.000  10.00   0.000 
 iasi616_metop-a    3295   -1  1.940  6.000  10.00   0.000 
 iasi616_metop-a    3303   -1  1.960  6.000  10.00   0.000 
 iasi616_metop-a    3309   -1  1.210  6.000  10.00   0.000 
 iasi616_metop-a    3312   -1  1.830  6.000  10.00   0.000 
 iasi616_metop-a    3322   -1  1.960  6.000  10.00   0.000 
 iasi616_metop-a    3326   -1  1.360  6.000  10.00   0.000 
 iasi616_metop-a    3354   -1  1.960  6.000  10.00   0.000 
 iasi616_metop-a    3366   -1  1.820  6.000  10.00   0.000 
 iasi616_metop-a    3375   -1  1.920  6.000  10.00   0.000 
 iasi616_metop-a    3378   -1  1.680  6.000  10.00   0.000 
 iasi616_metop-a    3411   -1  1.930  6.000  10.00   0.000 
 iasi616_metop-a    3416   -1  1.230  6.000  10.00   0.000 
 iasi616_metop-a    3432   -1  1.960  6.000  10.00   0.000 
 iasi616_metop-a    3438   -1  1.930  6.000  10.00   0.000 
 iasi616_metop-a    3440   -1  1.860  6.000  10.00   0.000 
 iasi616_metop-a    3442   -1  1.410  5.500  10.00   0.000 
 iasi616_metop-a    3444   -1  1.160  4.500  10.00   0.000 
 iasi616_metop-a    3446   -1  1.600  6.000  10.00   0.000 
 iasi616_metop-a    3448   -1  1.250  5.000  10.00   0.000 
 iasi616_metop-a    3450   -1  1.200  5.000  10.00   0.000 
 iasi616_metop-a    3452   -1  1.650  6.000  10.00   0.000 
 iasi616_metop-a    3454   -1  1.660  6.000  10.00   0.000 
 iasi616_metop-a    3458   -1  1.870  6.000  10.00   0.000 
 iasi616_metop-a    3467   -1  1.940  6.000  10.00   0.000 
 iasi616_metop-a    3476   -1  1.960  6.000  10.00   0.000 
 iasi616_metop-a    3484   -1  1.910  6.000  10.00   0.000 
 iasi616_metop-a    3491   -1  1.250  5.000  10.00   0.000 
 iasi616_metop-a    3497   -1  1.930  6.000  10.00   0.000 
 iasi616_metop-a    3499   -1  1.910  6.000  10.00   0.000 
 iasi616_metop-a    3504   -1  1.700  6.000  10.00   0.000 
 iasi616_metop-a    3506   -1  0.990  4.000  10.00   0.000 
 iasi616_metop-a    3509   -1  1.810  6.000  10.00   0.000 
 iasi616_metop-a    3518   -1  1.920  6.000  10.00   0.000 
 iasi616_metop-a    3527   -1  1.950  6.000  10.00   0.000 
 iasi616_metop-a    3555   -1  1.500  6.000  10.00   0.000 
 iasi616_metop-a    3575   -1  1.470  4.500  10.00   0.000 
 iasi616_metop-a    3577   -1  1.150  6.000  10.00   0.000 
 iasi616_metop-a    3580   -1  1.580  6.000  10.00   0.000 
 iasi616_metop-a    3582   -1  1.180  4.500  10.00   0.000 
 iasi616_metop-a    3586   -1  1.820  6.000  10.00   0.000 
 iasi616_metop-a    3589   -1  1.130  6.000  10.00   0.000 
 iasi616_metop-a    3599   -1  1.830  6.000  10.00   0.000 
 iasi616_metop-a    3610   -1  1.910  6.000  10.00   0.000 
 iasi616_metop-a    3626   -1  1.260  6.000  10.00   0.000 
 iasi616_metop-a    3638   -1  1.270  5.000  10.00   0.000 
 iasi616_metop-a    3646   -1  1.910  6.000  10.00   0.000 
 iasi616_metop-a    3653   -1  1.450  6.000  10.00   0.000 
 iasi616_metop-a    3658   -1  1.600  6.000  10.00   0.000 
 iasi616_metop-a    3661   -1  1.290  5.000  10.00   0.000 
 iasi616_metop-a    3673   -1  1.940  6.000  10.00   0.000 
 iasi616_metop-a    3689   -1  1.940  6.000  10.00   0.000 
 iasi616_metop-a    3700   -1  1.230  5.000  10.00   0.000 
 iasi616_metop-a    3710   -1  1.950  6.000  10.00   0.000 
 iasi616_metop-a    3726   -1  1.210  5.000  10.00   0.000 
 iasi616_metop-a    3763   -1  1.940  6.000  10.00   0.000 
 iasi616_metop-a    3814   -1  1.860  6.000  10.00   0.000 
 iasi616_metop-a    3841   -1  1.900  6.000  10.00   0.000 
 iasi616_metop-a    3888   -1  1.330  5.000  10.00   0.000 
 iasi616_metop-a    4032   -1  1.750  6.000  10.00   0.000 
 iasi616_metop-a    4059   -1  2.020  6.000  10.00   0.000 
 iasi616_metop-a    4068   -1  1.980  6.000  10.00   0.000 
 iasi616_metop-a    4082   -1  2.030  6.000  10.00   0.000 
 iasi616_metop-a    4095   -1  1.830  6.000  10.00   0.000 
 iasi616_metop-a    4160   -1  1.500  6.000  10.00   0.000 
 iasi616_metop-a    4234   -1  2.040  6.000  10.00   0.000 
 iasi616_metop-a    4257   -1  2.020  6.000  10.00   0.000 
 iasi616_metop-a    4411   -1  1.900  6.000  10.00   0.000 
 iasi616_metop-a    4498   -1  2.000  6.000  10.00   0.000 
 iasi616_metop-a    4520   -1  2.020  6.000  10.00   0.000 
 iasi616_metop-a    4552   -1  1.950  6.000  10.00   0.000 
 iasi616_metop-a    4567   -1  1.930  6.000  10.00   0.000 
 iasi616_metop-a    4608   -1  1.950  6.000  10.00   0.000 
 iasi616_metop-a    4646   -1  1.950  6.000  10.00   0.000 
 iasi616_metop-a    4698   -1  1.990  6.000  10.00   0.000 
 iasi616_metop-a    4808   -1  2.000  6.000  10.00   0.000 
 iasi616_metop-a    4849   -1  1.940  6.000  10.00   0.000 
 iasi616_metop-a    4920   -1  1.960  6.000  10.00   0.000 
 iasi616_metop-a    4939   -1  1.860  6.000  10.00   0.000 
 iasi616_metop-a    4947   -1  1.920  6.000  10.00   0.000 
 iasi616_metop-a    4967   -1  1.880  6.000  10.00   0.000 
 iasi616_metop-a    4991   -1  1.860  6.000  10.00   0.000 
 iasi616_metop-a    4996   -1  1.840  6.000  10.00   0.000 
 iasi616_metop-a    5015   -1  1.870  6.000  10.00   0.000 
 iasi616_metop-a    5028   -1  1.770  6.000  10.00   0.000 
 iasi616_metop-a    5056   -1  1.890  6.000  10.00   0.000 
 iasi616_metop-a    5128   -1  1.890  6.000  10.00   0.000 
 iasi616_metop-a    5130   -1  1.880  6.000  10.00   0.000 
 iasi616_metop-a    5144   -1  1.940  6.000  10.00   0.000 
 iasi616_metop-a    5170   -1  1.820  6.000  10.00   0.000 
 iasi616_metop-a    5178   -1  1.790  6.000  10.00   0.000 
 iasi616_metop-a    5183   -1  1.860  6.000  10.00   0.000 
 iasi616_metop-a    5188   -1  2.060  6.000  10.00   0.000 
 iasi616_metop-a    5191   -1  2.330  6.000  10.00   0.000 
 iasi616_metop-a    5368   -1  1.880  6.000  10.00   0.000 
 iasi616_metop-a    5371   -1  1.860  6.000  10.00   0.000 
 iasi616_metop-a    5379   -1  1.810  6.000  10.00   0.000 
 iasi616_metop-a    5381   -1  1.800  6.000  10.00   0.000 
 iasi616_metop-a    5383   -1  1.800  6.000  10.00   0.000 
 iasi616_metop-a    5397   -1  1.860  6.000  10.00   0.000 
 iasi616_metop-a    5399   -1  1.900  6.000  10.00   0.000 
 iasi616_metop-a    5401   -1  2.000  6.000  10.00   0.000 
 iasi616_metop-a    5403   -1  2.060  6.000  10.00   0.000 
 iasi616_metop-a    5405   -1  2.100  6.000  10.00   0.000 
 iasi616_metop-a    5446   -1  2.200  6.000  10.00   0.000 
 iasi616_metop-a    5455   -1  2.000  6.000  10.00   0.000 
 iasi616_metop-a    5472   -1  2.160  6.000  10.00   0.000 
 iasi616_metop-a    5480   -1  1.980  6.000  10.00   0.000 
 iasi616_metop-a    5483   -1  1.800  6.000  10.00   0.000 
 iasi616_metop-a    5485   -1  1.800  6.000  10.00   0.000 
 iasi616_metop-a    5492   -1  1.850  6.000  10.00   0.000 
 iasi616_metop-a    5497   -1  1.750  6.000  10.00   0.000 
 iasi616_metop-a    5502   -1  2.040  6.000  10.00   0.000 
 iasi616_metop-a    5507   -1  2.190  6.000  10.00   0.000 
 iasi616_metop-a    5509   -1  2.140  6.000  10.00   0.000 
 iasi616_metop-a    5517   -1  2.190  6.000  10.00   0.000 
 iasi616_metop-a    5528   -1  1.860  6.000  10.00   0.000 
 iasi616_metop-a    5558   -1  2.100  6.000  10.00   0.000 
 iasi616_metop-a    5697   -1  2.110  6.000  10.00   0.000 
 iasi616_metop-a    5714   -1  2.180  6.000  10.00   0.000 
 iasi616_metop-a    5749   -1  2.030  6.000  10.00   0.000 
 iasi616_metop-a    5766   -1  2.280  6.000  10.00   0.000 
 iasi616_metop-a    5785   -1  2.190  6.000  10.00   0.000 
 iasi616_metop-a    5798   -1  2.260  6.000  10.00   0.000 
 iasi616_metop-a    5799   -1  2.260  6.000  10.00   0.000 
 iasi616_metop-a    5801   -1  2.210  6.000  10.00   0.000 
 iasi616_metop-a    5817   -1  2.210  6.000  10.00   0.000 
 iasi616_metop-a    5833   -1  2.260  6.000  10.00   0.000 
 iasi616_metop-a    5834   -1  2.330  6.000  10.00   0.000 
 iasi616_metop-a    5836   -1  2.270  6.000  10.00   0.000 
 iasi616_metop-a    5849   -1  2.210  6.000  10.00   0.000 
 iasi616_metop-a    5851   -1  2.120  6.000  10.00   0.000 
 iasi616_metop-a    5852   -1  2.230  6.000  10.00   0.000 
 iasi616_metop-a    5865   -1  2.260  6.000  10.00   0.000 
 iasi616_metop-a    5869   -1  2.250  6.000  10.00   0.000 
 iasi616_metop-a    5881   -1  1.880  6.000  10.00   0.000 
 iasi616_metop-a    5884   -1  2.260  6.000  10.00   0.000 
 iasi616_metop-a    5897   -1  2.240  6.000  10.00   0.000 
 iasi616_metop-a    5900   -1  2.360  6.000  10.00   0.000 
 iasi616_metop-a    5916   -1  2.290  6.000  10.00   0.000 
 iasi616_metop-a    5932   -1  2.350  6.000  10.00   0.000 
 iasi616_metop-a    5948   -1  2.300  6.000  10.00   0.000 
 iasi616_metop-a    5963   -1  2.270  6.000  10.00   0.000 
 iasi616_metop-a    5968   -1  2.080  6.000  10.00   0.000 
 iasi616_metop-a    5978   -1  2.050  6.000  10.00   0.000 
 iasi616_metop-a    5988   -1  2.270  6.000  10.00   0.000 
 iasi616_metop-a    5992   -1  2.280  6.000  10.00   0.000 
 iasi616_metop-a    5994   -1  2.270  6.000  10.00   0.000 
 iasi616_metop-a    5997   -1  2.280  6.000  10.00   0.000 
 iasi616_metop-a    6003   -1  1.970  6.000  10.00   0.000 
 iasi616_metop-a    6008   -1  2.250  6.000  10.00   0.000 
 iasi616_metop-a    6023   -1  2.250  6.000  10.00   0.000 
 iasi616_metop-a    6026   -1  2.250  6.000  10.00   0.000 
 iasi616_metop-a    6039   -1  2.310  6.000  10.00   0.000 
 iasi616_metop-a    6053   -1  2.280  6.000  10.00   0.000 
 iasi616_metop-a    6056   -1  2.270  6.000  10.00   0.000 
 iasi616_metop-a    6067   -1  2.130  6.000  10.00   0.000 
 iasi616_metop-a    6071   -1  2.240  6.000  10.00   0.000 
 iasi616_metop-a    6082   -1  2.280  6.000  10.00   0.000 
 iasi616_metop-a    6085   -1  2.280  6.000  10.00   0.000 
 iasi616_metop-a    6098   -1  2.410  6.000  10.00   0.000 
 iasi616_metop-a    6112   -1  2.340  6.000  10.00   0.000 
 iasi616_metop-a    6126   -1  9.320  6.000  10.00   0.000 
 iasi616_metop-a    6135   -1  2.280  6.000  10.00   0.000 
 iasi616_metop-a    6140   -1  2.380  6.000  10.00   0.000 
 iasi616_metop-a    6149   -1  2.270  6.000  10.00   0.000 
 iasi616_metop-a    6154   -1  2.270  6.000  10.00   0.000 
 iasi616_metop-a    6158   -1  2.390  6.000  10.00   0.000 
 iasi616_metop-a    6161   -1  2.110  6.000  10.00   0.000 
 iasi616_metop-a    6168   -1  2.090  6.000  10.00   0.000 
 iasi616_metop-a    6174   -1  2.100  6.000  10.00   0.000 
 iasi616_metop-a    6182   -1  2.060  6.000  10.00   0.000 
 iasi616_metop-a    6187   -1  2.120  6.000  10.00   0.000 
 iasi616_metop-a    6205   -1  2.080  6.000  10.00   0.000 
 iasi616_metop-a    6209   -1  2.000  6.000  10.00   0.000 
 iasi616_metop-a    6213   -1  1.930  6.000  10.00   0.000 
 iasi616_metop-a    6317   -1  2.020  6.000  10.00   0.000 
 iasi616_metop-a    6339   -1  2.550  6.000  10.00   0.000 
 iasi616_metop-a    6342   -1  1.540  6.000  10.00   0.000 
 iasi616_metop-a    6366   -1  1.640  6.000  10.00   0.000 
 iasi616_metop-a    6381   -1  1.510  6.000  10.00   0.000 
 iasi616_metop-a    6391   -1  1.550  6.000  10.00   0.000 
 iasi616_metop-a    6489   -1  2.820  6.000  10.00   0.000 
 iasi616_metop-a    6962   -1  2.920  6.000  10.00   0.000 
 iasi616_metop-a    6966   -1  2.550  6.000  10.00   0.000 
 iasi616_metop-a    6970   -1  2.370  6.000  10.00   0.000 
 iasi616_metop-a    6975   -1  1.850  6.000  10.00   0.000 
 iasi616_metop-a    6977   -1  1.600  6.000  10.00   0.000 
 iasi616_metop-a    6982   -1  1.720  6.000  10.00   0.000 
 iasi616_metop-a    6985   -1  1.740  6.000  10.00   0.000 
 iasi616_metop-a    6987   -1  1.790  6.000  10.00   0.000 
 iasi616_metop-a    6989   -1  1.900  6.000  10.00   0.000 
 iasi616_metop-a    6991   -1  1.940  6.000  10.00   0.000 
 iasi616_metop-a    6993   -1  2.000  6.000  10.00   0.000 
 iasi616_metop-a    6995   -1  2.040  6.000  10.00   0.000 
 iasi616_metop-a    6997   -1  2.080  6.000  10.00   0.000 
 iasi616_metop-a    6999   -1  2.120  6.000  10.00   0.000 
 iasi616_metop-a    7000   -1  2.130  6.000  10.00   0.000 
 iasi616_metop-a    7004   -1  2.160  6.000  10.00   0.000 
 iasi616_metop-a    7008   -1  2.180  6.000  10.00   0.000 
 iasi616_metop-a    7013   -1  2.180  6.000  10.00   0.000 
 iasi616_metop-a    7016   -1  2.200  6.000  10.00   0.000 
 iasi616_metop-a    7021   -1  2.200  6.000  10.00   0.000 
 iasi616_metop-a    7024   -1  2.410  6.000  10.00   0.000 
 iasi616_metop-a    7027   -1  2.390  6.000  10.00   0.000 
 iasi616_metop-a    7029   -1  2.380  6.000  10.00   0.000 
 iasi616_metop-a    7032   -1  2.400  6.000  10.00   0.000 
 iasi616_metop-a    7038   -1  2.420  6.000  10.00   0.000 
 iasi616_metop-a    7043   -1  2.410  6.000  10.00   0.000 
 iasi616_metop-a    7046   -1  2.430  6.000  10.00   0.000 
 iasi616_metop-a    7049   -1  2.450  6.000  10.00   0.000 
 iasi616_metop-a    7069   -1  2.430  6.000  10.00   0.000 
 iasi616_metop-a    7072   -1  2.450  6.000  10.00   0.000 
 iasi616_metop-a    7076   -1  2.430  6.000  10.00   0.000 
 iasi616_metop-a    7081   -1  2.400  6.000  10.00   0.000 
 iasi616_metop-a    7084   -1  2.440  6.000  10.00   0.000 
 iasi616_metop-a    7089   -1  2.400  6.000  10.00   0.000 
 iasi616_metop-a    7099   -1  2.420  6.000  10.00   0.000 
 iasi616_metop-a    7209   -1  2.430  6.000  10.00   0.000 
 iasi616_metop-a    7222   -1  2.450  6.000  10.00   0.000 
 iasi616_metop-a    7231   -1  2.450  6.000  10.00   0.000 
 iasi616_metop-a    7235   -1  2.450  6.000  10.00   0.000 
 iasi616_metop-a    7247   -1  2.460  6.000  10.00   0.000 
 iasi616_metop-a    7267   -1  2.450  6.000  10.00   0.000 
 iasi616_metop-a    7269   -1  2.450  6.000  10.00   0.000 
 iasi616_metop-a    7284   -1  2.430  6.000  10.00   0.000 
 iasi616_metop-a    7389   -1  2.510  6.000  10.00   0.000 
 iasi616_metop-a    7419   -1  2.480  6.000  10.00   0.000 
 iasi616_metop-a    7423   -1  2.480  6.000  10.00   0.000 
 iasi616_metop-a    7424   -1  2.530  6.000  10.00   0.000 
 iasi616_metop-a    7426   -1  2.460  6.000  10.00   0.000 
 iasi616_metop-a    7428   -1  2.490  6.000  10.00   0.000 
 iasi616_metop-a    7431   -1  2.500  6.000  10.00   0.000 
 iasi616_metop-a    7436   -1  2.500  6.000  10.00   0.000 
 iasi616_metop-a    7444   -1  2.500  6.000  10.00   0.000 
 iasi616_metop-a    7475   -1  2.520  6.000  10.00   0.000 
 iasi616_metop-a    7549   -1  2.520  6.000  10.00   0.000 
 iasi616_metop-a    7584   -1  2.540  6.000  10.00   0.000 
 iasi616_metop-a    7665   -1  2.500  6.000  10.00   0.000 
 iasi616_metop-a    7666   -1  2.480  6.000  10.00   0.000 
 iasi616_metop-a    7831   -1  2.500  6.000  10.00   0.000 
 iasi616_metop-a    7836   -1  2.550  6.000  10.00   0.000 
 iasi616_metop-a    7853   -1  2.500  6.000  10.00   0.000 
 iasi616_metop-a    7865   -1  2.480  6.000  10.00   0.000 
 iasi616_metop-a    7885   -1  2.500  6.000  10.00   0.000 
 iasi616_metop-a    7888   -1  2.500  6.000  10.00   0.000 
 iasi616_metop-a    7912   -1  2.520  6.000  10.00   0.000 
 iasi616_metop-a    7950   -1  2.520  6.000  10.00   0.000 
 iasi616_metop-a    7972   -1  2.480  6.000  10.00   0.000 
 iasi616_metop-a    7980   -1  2.500  6.000  10.00   0.000 
 iasi616_metop-a    7995   -1  2.500  6.000  10.00   0.000 
 iasi616_metop-a    8007   -1  2.520  6.000  10.00   0.000 
 iasi616_metop-a    8015   -1  2.460  6.000  10.00   0.000 
 iasi616_metop-a    8055   -1  2.530  6.000  10.00   0.000 
 iasi616_metop-a    8078   -1  9.000  6.000  10.00   0.000 
 airs281SUBSET_aqua    1   -1  1.200  3.500  10.00   0.000
 airs281SUBSET_aqua    6   -1  1.200  3.500  10.00   0.000
 airs281SUBSET_aqua    7    1  1.500  3.500  10.00   0.000
 airs281SUBSET_aqua   10   -1  1.400  3.500  10.00   0.000
 airs281SUBSET_aqua   11   -1  1.400  3.500  10.00   0.000
 airs281SUBSET_aqua   15    1  1.400  3.500  10.00   0.000
 airs281SUBSET_aqua   16   -1  1.400  3.500  10.00   0.000
 airs281SUBSET_aqua   17   -1  1.400  3.500  10.00   0.000
 airs281SUBSET_aqua   20    1  1.250  3.500  10.00   0.000
 airs281SUBSET_aqua   21    1  1.250  3.500  10.00   0.000
 airs281SUBSET_aqua   22    1  1.200  3.500  10.00   0.000
 airs281SUBSET_aqua   24   -1  1.200  3.500  10.00   0.000
 airs281SUBSET_aqua   27    1  1.200  3.500  10.00   0.000
 airs281SUBSET_aqua   28    1  1.200  3.500  10.00   0.000
 airs281SUBSET_aqua   30   -1  1.200  3.500  10.00   0.000
 airs281SUBSET_aqua   36   -1  1.200  3.500  10.00   0.000
 airs281SUBSET_aqua   39   -1  1.150  3.500  10.00   0.000
 airs281SUBSET_aqua   40    1  1.150  3.500  10.00   0.000
 airs281SUBSET_aqua   42   -1  1.150  3.500  10.00   0.000
 airs281SUBSET_aqua   51   -1  1.150  3.500  10.00   0.000
 airs281SUBSET_aqua   52    1  1.150  3.500  10.00   0.000
 airs281SUBSET_aqua   54   -1  1.150  3.500  10.00   0.000
 airs281SUBSET_aqua   55   -1  1.150  3.500  10.00   0.000
 airs281SUBSET_aqua   56   -1  1.150  3.500  10.00   0.000
 airs281SUBSET_aqua   59   -1  1.150  3.500  10.00   0.000
 airs281SUBSET_aqua   62   -1  1.150  3.500  10.00   0.000
 airs281SUBSET_aqua   63   -1  1.150  3.500  10.00   0.000
 airs281SUBSET_aqua   68   -1  1.150  3.500  10.00   0.000
 airs281SUBSET_aqua   69    1  1.125  3.500  10.00   0.000
 airs281SUBSET_aqua   71   -1  1.050  3.500  10.00   0.000
 airs281SUBSET_aqua   72    1  1.050  3.500  10.00   0.000
 airs281SUBSET_aqua   73   -1  2.000  3.500  10.00   0.000
 airs281SUBSET_aqua   74   -1  2.000  3.500  10.00   0.000
 airs281SUBSET_aqua   75   -1  2.000  3.500  10.00   0.000
 airs281SUBSET_aqua   76   -1  2.000  3.500  10.00   0.000
 airs281SUBSET_aqua   77   -1  2.000  3.500  10.00   0.000
 airs281SUBSET_aqua   78   -1  2.000  3.500  10.00   0.000
 airs281SUBSET_aqua   79   -1  2.000  3.500  10.00   0.000
 airs281SUBSET_aqua   80   -1  2.000  3.500  10.00   0.000
 airs281SUBSET_aqua   82   -1  2.000  3.500  10.00   0.000
 airs281SUBSET_aqua   83   -1  2.000  3.500  10.00   0.000
 airs281SUBSET_aqua   84   -1  2.000  3.500  10.00   0.000
 airs281SUBSET_aqua   86   -1  2.000  3.500  10.00   0.000
 airs281SUBSET_aqua   92    1  0.950  3.500  10.00   0.000
 airs281SUBSET_aqua   93    1  1.100  3.500  10.00   0.000
 airs281SUBSET_aqua   98    1  0.950  3.500  10.00   0.000
 airs281SUBSET_aqua   99    1  0.950  3.500  10.00   0.000
 airs281SUBSET_aqua  101   -1  1.000  3.500  10.00   0.000
 airs281SUBSET_aqua  104    1  1.100  3.500  10.00   0.000
 airs281SUBSET_aqua  105    1  1.100  3.500  10.00   0.000
 airs281SUBSET_aqua  108   -1  1.100  3.500  10.00   0.000
 airs281SUBSET_aqua  110    1  1.100  3.500  10.00   0.000
 airs281SUBSET_aqua  111    1  1.100  3.500  10.00   0.000
 airs281SUBSET_aqua  113   -1  1.100  3.500  10.00   0.000
 airs281SUBSET_aqua  116    1  1.100  3.500  10.00   0.000
 airs281SUBSET_aqua  117    1  1.100  3.500  10.00   0.000
 airs281SUBSET_aqua  123    1  0.950  3.500  10.00   0.000
 airs281SUBSET_aqua  124   -1  1.100  3.500  10.00   0.000
 airs281SUBSET_aqua  128    1  0.950  3.500  10.00   0.000
 airs281SUBSET_aqua  129    1  1.000  3.500  10.00   0.000
 airs281SUBSET_aqua  138    1  1.100  3.500  10.00   0.000
 airs281SUBSET_aqua  139    1  1.400  3.500  10.00   0.000
 airs281SUBSET_aqua  144    1  0.950  3.000  10.00   0.000
 airs281SUBSET_aqua  145    1  0.850  3.000  10.00   0.000
 airs281SUBSET_aqua  150    1  0.900  3.000  10.00   0.000
 airs281SUBSET_aqua  151    1  0.900  3.000  10.00   0.000
 airs281SUBSET_aqua  156    1  0.900  3.000  10.00   0.000
 airs281SUBSET_aqua  157    1  0.800  3.000  10.00   0.000
 airs281SUBSET_aqua  159   -1  0.800  3.000  10.00   0.000
 airs281SUBSET_aqua  162    1  0.850  3.000  10.00   0.000
 airs281SUBSET_aqua  165   -1  0.800  3.000  10.00   0.000
 airs281SUBSET_aqua  168    1  0.950  3.000  10.00   0.000
 airs281SUBSET_aqua  169    1  0.900  3.000  10.00   0.000
 airs281SUBSET_aqua  170   -1  0.850  3.000  10.00   0.000
 airs281SUBSET_aqua  172    1  1.000  3.500  10.00   0.000
 airs281SUBSET_aqua  173    1  1.150  3.500  10.00   0.000
 airs281SUBSET_aqua  174    1  1.000  3.500  10.00   0.000
 airs281SUBSET_aqua  175    1  0.850  3.000  10.00   0.000
 airs281SUBSET_aqua  177   -1  0.900  3.000  10.00   0.000
 airs281SUBSET_aqua  179    1  1.200  3.500  10.00   0.000
 airs281SUBSET_aqua  180    1  1.000  3.500  10.00   0.000
 airs281SUBSET_aqua  182   -1  0.900  3.000  10.00   0.000
 airs281SUBSET_aqua  185    1  0.900  3.000  10.00   0.000
 airs281SUBSET_aqua  186    1  0.900  3.000  10.00   0.000
 airs281SUBSET_aqua  190    1  1.000  3.500  10.00   0.000
 airs281SUBSET_aqua  192    1  0.900  3.000  10.00   0.000
 airs281SUBSET_aqua  198    1  0.900  3.000  10.00   0.000
 airs281SUBSET_aqua  201    1  0.900  3.000  10.00   0.000
 airs281SUBSET_aqua  204    1  0.900  3.000  10.00   0.000
 airs281SUBSET_aqua  207    1  0.900  3.000  10.00   0.000
 airs281SUBSET_aqua  210    1  1.400  3.500  10.00   0.000
 airs281SUBSET_aqua  215    1  0.850  3.000  10.00   0.000
 airs281SUBSET_aqua  216    1  2.300  3.500  10.00   0.000
 airs281SUBSET_aqua  221    1  0.900  3.000  10.00   0.000
 airs281SUBSET_aqua  226    1  0.900  3.000  10.00   0.000
 airs281SUBSET_aqua  227    1  0.900  3.000  10.00   0.000
 airs281SUBSET_aqua  232    1  0.900  3.000  10.00   0.000
 airs281SUBSET_aqua  252    1  0.900  3.000  10.00   0.000
 airs281SUBSET_aqua  253    1  0.850  3.000  10.00   0.000
 airs281SUBSET_aqua  256    1  0.850  3.000  10.00   0.000
 airs281SUBSET_aqua  257    1  0.900  3.000  10.00   0.000
 airs281SUBSET_aqua  261    1  0.900  3.000  10.00   0.000
 airs281SUBSET_aqua  262    1  0.900  3.000  10.00   0.000
 airs281SUBSET_aqua  267    1  0.900  3.000  10.00   0.000
 airs281SUBSET_aqua  272    1  0.900  3.000  10.00   0.000
 airs281SUBSET_aqua  295    1  0.900  3.000  10.00   0.000
 airs281SUBSET_aqua  299    1  0.900  3.000  10.00   0.000
 airs281SUBSET_aqua  300   -1  0.900  3.000  10.00   0.000
 airs281SUBSET_aqua  305    1  0.900  3.000  10.00   0.000
 airs281SUBSET_aqua  310    1  0.900  3.000  10.00   0.000
 airs281SUBSET_aqua  321    1  1.150  3.500  10.00   0.000
 airs281SUBSET_aqua  325    1  0.900  3.000  10.00   0.000
 airs281SUBSET_aqua  333    1  0.900  3.000  10.00   0.000
 airs281SUBSET_aqua  338    1  0.900  3.000  10.00   0.000
 airs281SUBSET_aqua  355    1  0.900  3.000  10.00   0.000
 airs281SUBSET_aqua  362    1  0.900  3.000  10.00   0.000
 airs281SUBSET_aqua  375    1  0.900  3.000  10.00   0.000
 airs281SUBSET_aqua  453   -1  0.950  3.000  10.00   0.000
 airs281SUBSET_aqua  475    1  0.950  3.000  10.00   0.000
 airs281SUBSET_aqua  484    1  0.950  3.000  10.00   0.000
 airs281SUBSET_aqua  497    1  0.950  3.000  10.00   0.000
 airs281SUBSET_aqua  528    1  0.950  3.000  10.00   0.000
 airs281SUBSET_aqua  587    1  0.900  3.000  10.00   0.000
 airs281SUBSET_aqua  672    1  0.925  3.000  10.00   0.000
 airs281SUBSET_aqua  787    1  0.900  3.000  10.00   0.000
 airs281SUBSET_aqua  791    1  0.900  3.000  10.00   0.000
 airs281SUBSET_aqua  843   -1  0.900  3.000  10.00   0.000
 airs281SUBSET_aqua  870    1  0.900  3.000  10.00   0.000
 airs281SUBSET_aqua  914    1  0.850  3.000  10.00   0.000
 airs281SUBSET_aqua  950    1  0.800  3.000  10.00   0.000
 airs281SUBSET_aqua 1003   -1  0.750  3.000  10.00   0.000
 airs281SUBSET_aqua 1012   -1  0.750  3.000  10.00   0.000
 airs281SUBSET_aqua 1019   -1  0.750  3.000  10.00   0.000
 airs281SUBSET_aqua 1024   -1  0.850  3.000  10.00   0.000
 airs281SUBSET_aqua 1030   -1  0.900  3.000  10.00   0.000
 airs281SUBSET_aqua 1038   -1  0.900  3.000  10.00   0.000
 airs281SUBSET_aqua 1048   -1  0.900  3.000  10.00   0.000
 airs281SUBSET_aqua 1069   -1  0.900  3.000  10.00   0.000
 airs281SUBSET_aqua 1079   -1  0.900  3.000  10.00   0.000
 airs281SUBSET_aqua 1082   -1  0.900  3.000  10.00   0.000
 airs281SUBSET_aqua 1083   -1  1.000  3.500  10.00   0.000
 airs281SUBSET_aqua 1088   -1  1.000  3.500  10.00   0.000
 airs281SUBSET_aqua 1090   -1  1.000  3.500  10.00   0.000
 airs281SUBSET_aqua 1092   -1  1.000  3.500  10.00   0.000
 airs281SUBSET_aqua 1095   -1  0.850  3.000  10.00   0.000
 airs281SUBSET_aqua 1104   -1  0.950  3.000  10.00   0.000
 airs281SUBSET_aqua 1111   -1  0.950  3.000  10.00   0.000
 airs281SUBSET_aqua 1115   -1  0.950  3.000  10.00   0.000
 airs281SUBSET_aqua 1116   -1  0.900  3.000  10.00   0.000
 airs281SUBSET_aqua 1119   -1  0.800  3.000  10.00   0.000
 airs281SUBSET_aqua 1120   -1  0.850  3.000  10.00   0.000
 airs281SUBSET_aqua 1123   -1  0.750  3.000  10.00   0.000
 airs281SUBSET_aqua 1130   -1  0.750  3.000  10.00   0.000
 airs281SUBSET_aqua 1138   -1  0.750  3.000  10.00   0.000
 airs281SUBSET_aqua 1142   -1  0.800  3.000  10.00   0.000
 airs281SUBSET_aqua 1178   -1  0.750  3.000  10.00   0.000
 airs281SUBSET_aqua 1199   -1  0.800  3.000  10.00   0.000
 airs281SUBSET_aqua 1206   -1  0.900  3.000  10.00   0.000
 airs281SUBSET_aqua 1221   -1  0.750  3.000  10.00   0.000
 airs281SUBSET_aqua 1237   -1  0.800  3.000  10.00   0.000
 airs281SUBSET_aqua 1252   -1  0.800  3.000  10.00   0.000
 airs281SUBSET_aqua 1260   -1  1.100  3.500  10.00   0.000
 airs281SUBSET_aqua 1263   -1  0.750  3.000  10.00   0.000
 airs281SUBSET_aqua 1266   -1  1.100  3.500  10.00   0.000
 airs281SUBSET_aqua 1285   -1  0.750  3.000  10.00   0.000
 airs281SUBSET_aqua 1301    1  0.800  3.000  10.00   0.000
 airs281SUBSET_aqua 1304    1  0.700  3.000  10.00   0.000
 airs281SUBSET_aqua 1329    1  0.850  3.000  10.00   0.000
 airs281SUBSET_aqua 1371    1  1.100  3.500  10.00   0.000
 airs281SUBSET_aqua 1382    1  0.850  3.000  10.00   0.000
 airs281SUBSET_aqua 1415    1  2.500  4.500  10.00   0.000
 airs281SUBSET_aqua 1424    1  2.500  4.500  10.00   0.000
 airs281SUBSET_aqua 1449    1  2.500  4.500  10.00   0.000
 airs281SUBSET_aqua 1455    1  2.500  4.500  10.00   0.000
 airs281SUBSET_aqua 1466   -1  2.500  4.500  10.00   0.000
 airs281SUBSET_aqua 1477    1  2.500  4.500  10.00   0.000
 airs281SUBSET_aqua 1500    1  2.500  4.500  10.00   0.000
 airs281SUBSET_aqua 1519    1  2.500  4.500  10.00   0.000
 airs281SUBSET_aqua 1538   -1  2.500  4.500  10.00   0.000
 airs281SUBSET_aqua 1545   -1  2.500  4.500  10.00   0.000
 airs281SUBSET_aqua 1565    1  2.500  4.500  10.00   0.000
 airs281SUBSET_aqua 1574    1  2.500  4.500  10.00   0.000
 airs281SUBSET_aqua 1583   -1  2.500  4.500  10.00   0.000
 airs281SUBSET_aqua 1593   -1  2.500  4.500  10.00   0.000
 airs281SUBSET_aqua 1614   -1  2.500  4.500  10.00   0.000
 airs281SUBSET_aqua 1627    1  2.500  4.500  10.00   0.000
 airs281SUBSET_aqua 1636   -1  2.500  4.500  10.00   0.000
 airs281SUBSET_aqua 1644   -1  2.500  4.500  10.00   0.000
 airs281SUBSET_aqua 1652   -1  2.500  4.500  10.00   0.000
 airs281SUBSET_aqua 1669    1  2.500  4.500  10.00   0.000
 airs281SUBSET_aqua 1674   -1  2.500  4.500  10.00   0.000
 airs281SUBSET_aqua 1681   -1  2.500  4.500  10.00   0.000
 airs281SUBSET_aqua 1694    1  2.500  4.500  10.00   0.000
 airs281SUBSET_aqua 1708   -1  2.500  4.500  10.00   0.000
 airs281SUBSET_aqua 1717   -1  2.500  4.500  10.00   0.000
 airs281SUBSET_aqua 1723   -1  2.500  4.500  10.00   0.000
 airs281SUBSET_aqua 1740   -1  2.500  4.500  10.00   0.000
 airs281SUBSET_aqua 1748   -1  2.500  4.500  10.00   0.000
 airs281SUBSET_aqua 1751   -1  2.500  4.500  10.00   0.000
 airs281SUBSET_aqua 1756   -1  2.500  4.500  10.00   0.000
 airs281SUBSET_aqua 1763   -1  2.500  4.500  10.00   0.000
 airs281SUBSET_aqua 1766    1  2.500  4.500  10.00   0.000
 airs281SUBSET_aqua 1771   -1  2.500  4.500  10.00   0.000
 airs281SUBSET_aqua 1777   -1  2.500  4.500  10.00   0.000
 airs281SUBSET_aqua 1780   -1  2.500  4.500  10.00   0.000
 airs281SUBSET_aqua 1783   -1  2.500  4.500  10.00   0.000
 airs281SUBSET_aqua 1794   -1  2.500  4.500  10.00   0.000
 airs281SUBSET_aqua 1800    1  2.500  4.500  10.00   0.000
 airs281SUBSET_aqua 1803   -1  2.500  4.500  10.00   0.000
 airs281SUBSET_aqua 1806   -1  2.500  4.500  10.00   0.000
 airs281SUBSET_aqua 1812   -1  2.500  4.500  10.00   0.000
 airs281SUBSET_aqua 1826    1  2.500  4.500  10.00   0.000
 airs281SUBSET_aqua 1843   -1  2.500  4.500  10.00   0.000
 airs281SUBSET_aqua 1852   -1  2.500  4.500  10.00   0.000
 airs281SUBSET_aqua 1865    1  0.600  2.500  10.00   0.000
 airs281SUBSET_aqua 1866    1  0.650  2.500  10.00   0.000
 airs281SUBSET_aqua 1868    1  0.600  2.500  10.00   0.000
 airs281SUBSET_aqua 1869    1  0.550  2.500  10.00   0.000
 airs281SUBSET_aqua 1872    1  0.500  2.500  10.00   0.000
 airs281SUBSET_aqua 1873    1  0.525  2.500  10.00   0.000
 airs281SUBSET_aqua 1876    1  0.550  2.500  10.00   0.000
 airs281SUBSET_aqua 1881    1  0.500  2.500  10.00   0.000
 airs281SUBSET_aqua 1882    1  0.500  2.500  10.00   0.000
 airs281SUBSET_aqua 1883   -1  0.550  2.500  10.00   0.000
 airs281SUBSET_aqua 1911    1  0.555  2.500  10.00   0.000
 airs281SUBSET_aqua 1917    1  0.575  2.500  10.00   0.000
 airs281SUBSET_aqua 1918    1  0.550  2.500  10.00   0.000
 airs281SUBSET_aqua 1924    1  0.650  2.500  10.00   0.000
 airs281SUBSET_aqua 1928    1  0.700  2.500  10.00   0.000
 airs281SUBSET_aqua 1937   -1  1.500  3.500  10.00   0.000
 airs281SUBSET_aqua 1941   -1  1.500  3.500  10.00   0.000
 airs281SUBSET_aqua 2099   -1  3.000  3.500  10.00   0.000
 airs281SUBSET_aqua 2100   -1  3.000  3.500  10.00   0.000
 airs281SUBSET_aqua 2101   -1  2.500  3.500  10.00   0.000
 airs281SUBSET_aqua 2103   -1  2.500  3.500  10.00   0.000
 airs281SUBSET_aqua 2104   -1  2.000  3.500  10.00   0.000
 airs281SUBSET_aqua 2106   -1  1.000  3.500  10.00   0.000
 airs281SUBSET_aqua 2107   -1  1.500  3.500  10.00   0.000
 airs281SUBSET_aqua 2108   -1  1.500  3.500  10.00   0.000
 airs281SUBSET_aqua 2109   -1  1.800  3.500  10.00   0.000
 airs281SUBSET_aqua 2110   -1  0.600  3.000  10.00   0.000
 airs281SUBSET_aqua 2111   -1  0.700  3.000  10.00   0.000
 airs281SUBSET_aqua 2112   -1  0.650  3.000  10.00   0.000
 airs281SUBSET_aqua 2113   -1  0.675  3.000  10.00   0.000
 airs281SUBSET_aqua 2114   -1  0.700  3.000  10.00   0.000
 airs281SUBSET_aqua 2115   -1  0.750  3.000  10.00   0.000
 airs281SUBSET_aqua 2116   -1  0.775  3.000  10.00   0.000
 airs281SUBSET_aqua 2117   -1  0.800  3.000  10.00   0.000
 airs281SUBSET_aqua 2118   -1  0.800  3.000  10.00   0.000
 airs281SUBSET_aqua 2119   -1  0.850  3.000  10.00   0.000
 airs281SUBSET_aqua 2120   -1  0.850  3.000  10.00   0.000
 airs281SUBSET_aqua 2121   -1  0.850  3.000  10.00   0.000
 airs281SUBSET_aqua 2122   -1  0.700  3.000  10.00   0.000
 airs281SUBSET_aqua 2123   -1  0.700  3.000  10.00   0.000
 airs281SUBSET_aqua 2128   -1  0.700  3.000  10.00   0.000
 airs281SUBSET_aqua 2134   -1  0.700  3.000  10.00   0.000
 airs281SUBSET_aqua 2141   -1  0.700  3.000  10.00   0.000
 airs281SUBSET_aqua 2145   -1  0.700  3.000  10.00   0.000
 airs281SUBSET_aqua 2149   -1  0.700  3.000  10.00   0.000
 airs281SUBSET_aqua 2153   -1  0.725  3.000  10.00   0.000
 airs281SUBSET_aqua 2164   -1  0.750  3.000  10.00   0.000
 airs281SUBSET_aqua 2189   -1  0.775  3.000  10.00   0.000
 airs281SUBSET_aqua 2197   -1  0.800  3.000  10.00   0.000
 airs281SUBSET_aqua 2209   -1  0.825  3.000  10.00   0.000
 airs281SUBSET_aqua 2226   -1  0.800  3.000  10.00   0.000
 airs281SUBSET_aqua 2234   -1  0.800  3.000  10.00   0.000
 airs281SUBSET_aqua 2280   -1  0.800  3.000  10.00   0.000
 airs281SUBSET_aqua 2318   -1  0.750  3.000  10.00   0.000
 airs281SUBSET_aqua 2321   -1  0.800  3.000  10.00   0.000
 airs281SUBSET_aqua 2325   -1  0.800  3.000  10.00   0.000
 airs281SUBSET_aqua 2328   -1  0.800  3.000  10.00   0.000
 airs281SUBSET_aqua 2333   -1  0.800  3.000  10.00   0.000
 airs281SUBSET_aqua 2339   -1  0.800  3.000  10.00   0.000
 airs281SUBSET_aqua 2348   -1  0.850  3.000  10.00   0.000
 airs281SUBSET_aqua 2353   -1  0.800  3.000  10.00   0.000
 airs281SUBSET_aqua 2355   -1  0.800  3.000  10.00   0.000
 airs281SUBSET_aqua 2357   -1  2.500  3.000  10.00   0.000
 airs281SUBSET_aqua 2363   -1  0.750  3.000  10.00   0.000
 airs281SUBSET_aqua 2370   -1  0.750  3.000  10.00   0.000
 airs281SUBSET_aqua 2371   -1  0.750  3.000  10.00   0.000
 airs281SUBSET_aqua 2377   -1  0.750  3.000  10.00   0.000
 amsua_aqua            1   -1  2.500  4.500  10.00   0.000
 amsua_aqua            2   -1  2.000  4.500  10.00   0.000
 amsua_aqua            3   -1  2.000  4.500  10.00   0.000
 amsua_aqua            4   -1  0.500  3.000  10.00   0.000
 amsua_aqua            5   -1  0.400  2.000  10.00   0.000
 amsua_aqua            6    1  0.400  2.000  10.00   0.000
 amsua_aqua            7   -1  0.500  2.000  10.00   0.000
 amsua_aqua            8    1  0.300  2.000  10.00   0.000
 amsua_aqua            9    1  0.350  2.000  10.00   0.000
 amsua_aqua           10    1  0.350  2.000  10.00   0.000
 amsua_aqua           11    1  0.450  3.000  10.00   0.000
 amsua_aqua           12    1  1.000  3.500  10.00   0.000
 amsua_aqua           13    1  1.500  4.500  10.00   0.000
 amsua_aqua           14   -1  2.500  4.500  10.00   0.000
 amsua_aqua           15   -1  2.500  4.500  10.00   0.000
 avhrr3_n16            3   -1  0.450  6.000  10.00   0.000
 avhrr3_n16            4   -1  0.550  6.000  10.00   0.000
 avhrr3_n16            5   -1  0.600  6.000  10.00   0.000
 avhrr3_n17            3   -1  0.450  6.000  10.00   0.000
 avhrr3_n17            4   -1  0.550  6.000  10.00   0.000
 avhrr3_n17            5   -1  0.600  6.000  10.00   0.000
 avhrr3_n18            3   -1  0.450  6.000  10.00   0.000
 avhrr3_n18            4   -1  0.550  6.000  10.00   0.000
 avhrr3_n18            5   -1  0.600  6.000  10.00   0.000
 ssmi_f13              1   -1  1.600  6.000  10.00   0.000
 ssmi_f13              2   -1  2.260  6.000  10.00   0.000
 ssmi_f13              3   -1  2.010  6.000  10.00   0.000
 ssmi_f13              4   -1  1.480  6.000  10.00   0.000
 ssmi_f13              5   -1  2.280  6.000  10.00   0.000
 ssmi_f13              6   -1  1.430  6.000  10.00   0.000
 ssmi_f13              7   -1  2.330  6.000  10.00   0.000
 ssmi_f14              1   -1  1.600  6.000  10.00   0.000
 ssmi_f14              2   -1  2.260  6.000  10.00   0.000
 ssmi_f14              3   -1  2.010  6.000  10.00   0.000
 ssmi_f14              4   -1  1.480  6.000  10.00   0.000
 ssmi_f14              5   -1  2.280  6.000  10.00   0.000
 ssmi_f14              6   -1  1.430  6.000  10.00   0.000
 ssmi_f14              7   -1  2.330  6.000  10.00   0.000
 ssmi_f15              1   -1  1.600  6.000  10.00   0.000
 ssmi_f15              2   -1  2.260  6.000  10.00   0.000
 ssmi_f15              3   -1  2.010  6.000  10.00   0.000
 ssmi_f15              4   -1  1.480  6.000  10.00   0.000
 ssmi_f15              5   -1  2.280  6.000  10.00   0.000
 ssmi_f15              6   -1  1.430  6.000  10.00   0.000
 ssmi_f15              7   -1  2.330  6.000  10.00   0.000
 ssmis_f16             1   -1  1.500  6.000  10.00   0.000
 ssmis_f16             2   -1  0.500  6.000  10.00   0.000
 ssmis_f16             3   -1  0.500  6.000  10.00   0.000
 ssmis_f16             4   -1  0.500  6.000  10.00   0.000
 ssmis_f16             5   -1  0.500  6.000  10.00   0.000
 ssmis_f16             6   -1  1.000  6.000  10.00   0.000
 ssmis_f16             7   -1  1.000  6.000  10.00   0.000
 ssmis_f16             8   -1  3.000  6.000  10.00   0.000
 ssmis_f16             9   -1  3.000  6.000  10.00   0.000
 ssmis_f16            10   -1  3.000  6.000  10.00   0.000
 ssmis_f16            11   -1  3.000  6.000  10.00   0.000
 ssmis_f16            12   -1  2.400  6.000  10.00   0.000
 ssmis_f16            13   -1  1.270  6.000  10.00   0.000
 ssmis_f16            14   -1  1.440  6.000  10.00   0.000
 ssmis_f16            15   -1  3.000  6.000  10.00   0.000
 ssmis_f16            16   -1  1.340  6.000  10.00   0.000
 ssmis_f16            17   -1  1.740  6.000  10.00   0.000
 ssmis_f16            18   -1  3.750  6.000  10.00   0.000
 ssmis_f16            19   -1  3.000  6.000  10.00   0.000
 ssmis_f16            20   -1  3.000  6.000  10.00   0.000
 ssmis_f16            21   -1  2.000  6.000  10.00   0.000
 ssmis_f16            22   -1  6.400  6.000  10.00   0.000
 ssmis_f16            23   -1  1.000  6.000  10.00   0.000
 ssmis_f16            24   -1  1.000  6.000  10.00   0.000
 amsre_aqua            1   -1  0.626  6.000  10.00   0.000
 amsre_aqua            2   -1  0.869  6.000  10.00   0.000
 amsre_aqua            3   -1  0.728  6.000  10.00   0.000
 amsre_aqua            4   -1  0.950  6.000  10.00   0.000
 amsre_aqua            5   -1  0.922  6.000  10.00   0.000
 amsre_aqua            6   -1  1.196  6.000  10.00   0.000
 amsre_aqua            7   -1  1.169  6.000  10.00   0.000
 amsre_aqua            8   -1  1.840  6.000  10.00   0.000
 amsre_aqua            9   -1  0.843  6.000  10.00   0.000
 amsre_aqua           10   -1  1.600  6.000  10.00   0.000
 amsre_aqua           11   -1  1.955  6.000  10.00   0.000
 amsre_aqua           12   -1  4.337  6.000  10.00   0.000
 sndr_g11              1   -1  0.800  2.000  10.00   0.000
 sndr_g11              2   -1  0.720  2.000  10.00   0.000
 sndr_g11              3   -1  0.560  2.000  10.00   0.000
 sndr_g11              4   -1  0.600  2.000  10.00   0.000
 sndr_g11              5   -1  0.540  2.000  10.00   0.000
 sndr_g11              6   -1  0.800  2.000  10.00   0.000
 sndr_g11              7   -1  0.740  2.000  10.00   0.000
 sndr_g11              8   -1  2.000  3.000  10.00   0.000
 sndr_g11              9   -1  2.600  3.500  10.00   0.000
 sndr_g11             10   -1  1.100  2.500  10.00   0.000
 sndr_g11             11   -1  2.000  3.500  10.00   0.000
 sndr_g11             12   -1  2.800  4.500  10.00   0.000
 sndr_g11             13   -1  0.800  2.000  10.00   0.000
 sndr_g11             14   -1  0.600  2.000  10.00   0.000
 sndr_g11             15   -1  1.940  3.500  10.00   0.000
 sndr_g11             16   -1  1.080  2.500  10.00   0.000
 sndr_g11             17   -1  2.000  3.500  10.00   0.000
 sndr_g11             18   -1  2.000  3.500  10.00   0.000
 imgr_g11              2   -1  2.000  4.500  10.00   0.000
 imgr_g11              3   -1  1.400  4.500  10.00   0.000
 imgr_g11              4   -1  3.000  4.500  10.00   0.000
 imgr_g11              5   -1  3.000  4.500  10.00   0.000
 sndr_g12              1   -1  0.450  2.000  10.00   0.000
 sndr_g12              2   -1  0.360  2.000  10.00   0.000
 sndr_g12              3   -1  0.300  2.000  10.00   0.000
 sndr_g12              4   -1  0.250  2.000  10.00   0.000
 sndr_g12              5   -1  0.455  2.000  10.00   0.000
 sndr_g12              6   -1  0.490  2.000  10.00   0.000
 sndr_g12              7   -1  0.540  2.500  10.00   0.000
 sndr_g12              8   -1  1.000  3.000  10.00   0.000
 sndr_g12              9   -1  1.300  3.500  10.00   0.000
 sndr_g12             10   -1  0.900  2.500  10.00   0.000
 sndr_g12             11   -1  1.150  3.500  10.00   0.000
 sndr_g12             12   -1  1.400  4.500  10.00   0.000
 sndr_g12             13   -1  0.450  2.000  10.00   0.000
 sndr_g12             14   -1  0.400  2.000  10.00   0.000
 sndr_g12             15   -1  1.000  3.500  10.00   0.000
 sndr_g12             16   -1  0.540  2.500  10.00   0.000
 sndr_g12             17   -1  1.000  4.500  10.00   0.000
 sndr_g12             18   -1  1.000  4.500  10.00   0.000
 imgr_g12              2   -1  2.000  4.500  10.00   0.000
 imgr_g12              3   -1  1.400  4.500  10.00   0.000
 imgr_g12              4   -1  3.000  4.500  10.00   0.000
 imgr_g12              5   -1  3.000  4.500  10.00   0.000
 sndr_g13              1   -1  0.800  2.000  10.00   0.000
 sndr_g13              2   -1  0.720  2.000  10.00   0.000
 sndr_g13              3   -1  0.560  2.000  10.00   0.000
 sndr_g13              4   -1  0.600  2.000  10.00   0.000
 sndr_g13              5   -1  0.540  2.000  10.00   0.000
 sndr_g13              6   -1  0.800  2.000  10.00   0.000
 sndr_g13              7   -1  0.740  2.000  10.00   0.000
 sndr_g13              8   -1  2.000  3.000  10.00   0.000
 sndr_g13              9   -1  2.600  3.500  10.00   0.000
 sndr_g13             10   -1  1.100  2.500  10.00   0.000
 sndr_g13             11   -1  2.000  3.500  10.00   0.000
 sndr_g13             12   -1  2.800  4.500  10.00   0.000
 sndr_g13             13   -1  0.800  2.000  10.00   0.000
 sndr_g13             14   -1  0.600  2.000  10.00   0.000
 sndr_g13             15   -1  1.940  3.500  10.00   0.000
 sndr_g13             16   -1  1.080  2.500  10.00   0.000
 sndr_g13             17   -1  2.000  3.500  10.00   0.000
 sndr_g13             18   -1  2.000  3.500  10.00   0.000
 imgr_g13              2   -1  2.000  4.500  10.00   0.000
 imgr_g13              3   -1  1.400  4.500  10.00   0.000
 imgr_g13              4   -1  3.000  4.500  10.00   0.000
 imgr_g13              5   -1  3.000  4.500  10.00   0.000
 sndrD1_g11            1    1  0.850  2.000  10.00   0.000
 sndrD1_g11            2    1  0.650  2.000  10.00   0.000
 sndrD1_g11            3    1  0.400  2.000  10.00   0.000
 sndrD1_g11            4    1  0.400  2.000  10.00   0.000
 sndrD1_g11            5    1  0.400  2.000  10.00   0.000
 sndrD1_g11            6    1  0.550  2.000  10.00   0.000
 sndrD1_g11            7    1  0.550  2.500  10.00   0.000
 sndrD1_g11            8    1  0.500  3.000  10.00   0.000
 sndrD1_g11            9    1  0.650  3.500  10.00   0.000
 sndrD1_g11           10    1  0.950  2.500  10.00   0.000
 sndrD1_g11           11    1  1.400  3.500  10.00   0.000
 sndrD1_g11           12    1  1.800  4.500  10.00   0.000
 sndrD1_g11           13    1  0.250  2.000  10.00   0.000
 sndrD1_g11           14    1  0.300  2.000  10.00   0.000
 sndrD1_g11           15    1  1.300  3.500  10.00   0.000
 sndrD1_g11           16   -1  0.800  2.500  10.00   0.000
 sndrD1_g11           17   -1  1.300  4.500  10.00   0.000
 sndrD1_g11           18   -1  1.000  4.500  10.00   0.000
 sndrD2_g11            1    1  0.850  2.000  10.00   0.000
 sndrD2_g11            2    1  0.650  2.000  10.00   0.000
 sndrD2_g11            3    1  0.400  2.000  10.00   0.000
 sndrD2_g11            4    1  0.400  2.000  10.00   0.000
 sndrD2_g11            5    1  0.400  2.000  10.00   0.000
 sndrD2_g11            6    1  0.550  2.000  10.00   0.000
 sndrD2_g11            7    1  0.550  2.500  10.00   0.000
 sndrD2_g11            8    1  0.500  3.000  10.00   0.000
 sndrD2_g11            9    1  0.650  3.500  10.00   0.000
 sndrD2_g11           10    1  0.950  2.500  10.00   0.000
 sndrD2_g11           11    1  1.400  3.500  10.00   0.000
 sndrD2_g11           12    1  1.800  4.500  10.00   0.000
 sndrD2_g11           13    1  0.250  2.000  10.00   0.000
 sndrD2_g11           14    1  0.300  2.000  10.00   0.000
 sndrD2_g11           15    1  1.300  3.500  10.00   0.000
 sndrD2_g11           16   -1  0.800  2.500  10.00   0.000
 sndrD2_g11           17   -1  1.300  4.500  10.00   0.000
 sndrD2_g11           18   -1  1.000  4.500  10.00   0.000
 sndrD3_g11            1    1  0.850  2.000  10.00   0.000
 sndrD3_g11            2    1  0.650  2.000  10.00   0.000
 sndrD3_g11            3    1  0.400  2.000  10.00   0.000
 sndrD3_g11            4    1  0.400  2.000  10.00   0.000
 sndrD3_g11            5    1  0.400  2.000  10.00   0.000
 sndrD3_g11            6    1  0.550  2.000  10.00   0.000
 sndrD3_g11            7    1  0.550  2.500  10.00   0.000
 sndrD3_g11            8    1  0.500  3.000  10.00   0.000
 sndrD3_g11            9    1  0.650  3.500  10.00   0.000
 sndrD3_g11           10    1  0.950  2.500  10.00   0.000
 sndrD3_g11           11    1  1.400  3.500  10.00   0.000
 sndrD3_g11           12    1  1.800  4.500  10.00   0.000
 sndrD3_g11           13    1  0.250  2.000  10.00   0.000
 sndrD3_g11           14    1  0.300  2.000  10.00   0.000
 sndrD3_g11           15    1  1.300  3.500  10.00   0.000
 sndrD3_g11           16   -1  0.800  2.500  10.00   0.000
 sndrD3_g11           17   -1  1.300  4.500  10.00   0.000
 sndrD3_g11           18   -1  1.000  4.500  10.00   0.000
 sndrD4_g11            1    1  0.850  2.000  10.00   0.000
 sndrD4_g11            2    1  0.650  2.000  10.00   0.000
 sndrD4_g11            3    1  0.400  2.000  10.00   0.000
 sndrD4_g11            4    1  0.400  2.000  10.00   0.000
 sndrD4_g11            5    1  0.400  2.000  10.00   0.000
 sndrD4_g11            6    1  0.550  2.000  10.00   0.000
 sndrD4_g11            7    1  0.550  2.500  10.00   0.000
 sndrD4_g11            8    1  0.500  3.000  10.00   0.000
 sndrD4_g11            9    1  0.650  3.500  10.00   0.000
 sndrD4_g11           10    1  0.950  2.500  10.00   0.000
 sndrD4_g11           11    1  1.400  3.500  10.00   0.000
 sndrD4_g11           12    1  1.800  4.500  10.00   0.000
 sndrD4_g11           13    1  0.250  2.000  10.00   0.000
 sndrD4_g11           14    1  0.300  2.000  10.00   0.000
 sndrD4_g11           15    1  1.300  3.500  10.00   0.000
 sndrD4_g11           16   -1  0.800  2.500  10.00   0.000
 sndrD4_g11           17   -1  1.300  4.500  10.00   0.000
 sndrD4_g11           18   -1  1.000  4.500  10.00   0.000
 sndrD1_g12            1    1  0.950  2.000  10.00   0.000
 sndrD1_g12            2    1  0.820  2.000  10.00   0.000
 sndrD1_g12            3    1  0.500  2.000  10.00   0.000
 sndrD1_g12            4    1  0.500  2.000  10.00   0.000
 sndrD1_g12            5    1  0.450  2.000  10.00   0.000
 sndrD1_g12            6    1  0.500  2.000  10.00   0.000
 sndrD1_g12            7    1  0.500  2.500  10.00   0.000
 sndrD1_g12            8    1  0.500  3.000  10.00   0.000
 sndrD1_g12            9    1  0.600  3.500  10.00   0.000
 sndrD1_g12           10    1  0.950  2.500  10.00   0.000
 sndrD1_g12           11    1  1.300  3.500  10.00   0.000
 sndrD1_g12           12    1  1.800  4.500  10.00   0.000
 sndrD1_g12           13    1  0.300  2.000  10.00   0.000
 sndrD1_g12           14    1  0.250  2.000  10.00   0.000
 sndrD1_g12           15    1  1.300  3.500  10.00   0.000
 sndrD1_g12           16   -1  0.800  2.500  10.00   0.000
 sndrD1_g12           17   -1  1.300  4.500  10.00   0.000
 sndrD1_g12           18   -1  1.000  4.500  10.00   0.000
 sndrD2_g12            1    1  0.950  2.000  10.00   0.000
 sndrD2_g12            2    1  0.820  2.000  10.00   0.000
 sndrD2_g12            3    1  0.500  2.000  10.00   0.000
 sndrD2_g12            4    1  0.500  2.000  10.00   0.000
 sndrD2_g12            5    1  0.450  2.000  10.00   0.000
 sndrD2_g12            6    1  0.500  2.000  10.00   0.000
 sndrD2_g12            7    1  0.500  2.500  10.00   0.000
 sndrD2_g12            8    1  0.500  3.000  10.00   0.000
 sndrD2_g12            9    1  0.600  3.500  10.00   0.000
 sndrD2_g12           10    1  0.950  2.500  10.00   0.000
 sndrD2_g12           11    1  1.300  3.500  10.00   0.000
 sndrD2_g12           12    1  1.800  4.500  10.00   0.000
 sndrD2_g12           13    1  0.300  2.000  10.00   0.000
 sndrD2_g12           14    1  0.250  2.000  10.00   0.000
 sndrD2_g12           15    1  1.300  3.500  10.00   0.000
 sndrD2_g12           16   -1  0.800  2.500  10.00   0.000
 sndrD2_g12           17   -1  1.300  4.500  10.00   0.000
 sndrD2_g12           18   -1  1.000  4.500  10.00   0.000
 sndrD3_g12            1    1  0.950  2.000  10.00   0.000
 sndrD3_g12            2    1  0.820  2.000  10.00   0.000
 sndrD3_g12            3    1  0.500  2.000  10.00   0.000
 sndrD3_g12            4    1  0.500  2.000  10.00   0.000
 sndrD3_g12            5    1  0.450  2.000  10.00   0.000
 sndrD3_g12            6    1  0.500  2.000  10.00   0.000
 sndrD3_g12            7    1  0.500  2.500  10.00   0.000
 sndrD3_g12            8    1  0.500  3.000  10.00   0.000
 sndrD3_g12            9    1  0.600  3.500  10.00   0.000
 sndrD3_g12           10    1  0.950  2.500  10.00   0.000
 sndrD3_g12           11    1  1.300  3.500  10.00   0.000
 sndrD3_g12           12    1  1.800  4.500  10.00   0.000
 sndrD3_g12           13    1  0.300  2.000  10.00   0.000
 sndrD3_g12           14    1  0.250  2.000  10.00   0.000
 sndrD3_g12           15    1  1.300  3.500  10.00   0.000
 sndrD3_g12           16   -1  0.800  2.500  10.00   0.000
 sndrD3_g12           17   -1  1.300  4.500  10.00   0.000
 sndrD3_g12           18   -1  1.000  4.500  10.00   0.000
 sndrD4_g12            1    1  0.950  2.000  10.00   0.000
 sndrD4_g12            2    1  0.820  2.000  10.00   0.000
 sndrD4_g12            3    1  0.500  2.000  10.00   0.000
 sndrD4_g12            4    1  0.500  2.000  10.00   0.000
 sndrD4_g12            5    1  0.450  2.000  10.00   0.000
 sndrD4_g12            6    1  0.500  2.000  10.00   0.000
 sndrD4_g12            7    1  0.500  2.500  10.00   0.000
 sndrD4_g12            8    1  0.500  3.000  10.00   0.000
 sndrD4_g12            9    1  0.600  3.500  10.00   0.000
 sndrD4_g12           10    1  0.950  2.500  10.00   0.000
 sndrD4_g12           11    1  1.300  3.500  10.00   0.000
 sndrD4_g12           12    1  1.800  4.500  10.00   0.000
 sndrD4_g12           13    1  0.300  2.000  10.00   0.000
 sndrD4_g12           14    1  0.250  2.000  10.00   0.000
 sndrD4_g12           15    1  1.300  3.500  10.00   0.000
 sndrD4_g12           16   -1  0.800  2.500  10.00   0.000
 sndrD4_g12           17   -1  1.300  4.500  10.00   0.000
 sndrD4_g12           18   -1  1.000  4.500  10.00   0.000
 sndrD1_g13            1   -1  0.900  2.000  10.00   0.000
 sndrD1_g13            2   -1  0.720  2.000  10.00   0.000
 sndrD1_g13            3   -1  0.600  2.000  10.00   0.000
 sndrD1_g13            4   -1  0.500  2.000  10.00   0.000
 sndrD1_g13            5   -1  0.910  2.000  10.00   0.000
 sndrD1_g13            6   -1  0.990  2.000  10.00   0.000
 sndrD1_g13            7   -1  1.080  2.500  10.00   0.000
 sndrD1_g13            8   -1  2.000  3.000  10.00   0.000
 sndrD1_g13            9   -1  2.600  3.500  10.00   0.000
 sndrD1_g13           10   -1  1.800  2.500  10.00   0.000
 sndrD1_g13           11   -1  2.300  3.500  10.00   0.000
 sndrD1_g13           12   -1  2.800  4.500  10.00   0.000
 sndrD1_g13           13   -1  0.900  2.000  10.00   0.000
 sndrD1_g13           14   -1  0.800  2.000  10.00   0.000
 sndrD1_g13           15   -1  2.000  3.500  10.00   0.000
 sndrD1_g13           16   -1  1.080  2.500  10.00   0.000
 sndrD1_g13           17   -1  2.000  4.500  10.00   0.000
 sndrD1_g13           18   -1  2.000  4.500  10.00   0.000
 sndrD2_g13            1   -1  0.900  2.000  10.00   0.000
 sndrD2_g13            2   -1  0.720  2.000  10.00   0.000
 sndrD2_g13            3   -1  0.600  2.000  10.00   0.000
 sndrD2_g13            4   -1  0.500  2.000  10.00   0.000
 sndrD2_g13            5   -1  0.910  2.000  10.00   0.000
 sndrD2_g13            6   -1  0.980  2.000  10.00   0.000
 sndrD2_g13            7   -1  1.080  2.500  10.00   0.000
 sndrD2_g13            8   -1  2.000  3.000  10.00   0.000
 sndrD2_g13            9   -1  2.600  3.500  10.00   0.000
 sndrD2_g13           10   -1  1.800  2.500  10.00   0.000
 sndrD2_g13           11   -1  2.300  3.500  10.00   0.000
 sndrD2_g13           12   -1  2.800  4.500  10.00   0.000
 sndrD2_g13           13   -1  0.900  2.000  10.00   0.000
 sndrD2_g13           14   -1  0.800  2.000  10.00   0.000
 sndrD2_g13           15   -1  2.000  3.500  10.00   0.000
 sndrD2_g13           16   -1  1.080  2.500  10.00   0.000
 sndrD2_g13           17   -1  2.000  4.500  10.00   0.000
 sndrD2_g13           18   -1  2.000  4.500  10.00   0.000
 sndrD3_g13            1   -1  0.900  2.000  10.00   0.000
 sndrD3_g13            2   -1  0.720  2.000  10.00   0.000
 sndrD3_g13            3   -1  0.600  2.000  10.00   0.000
 sndrD3_g13            4   -1  0.500  2.000  10.00   0.000
 sndrD3_g13            5   -1  0.910  2.000  10.00   0.000
 sndrD3_g13            6   -1  0.980  2.000  10.00   0.000
 sndrD3_g13            7   -1  1.080  2.500  10.00   0.000
 sndrD3_g13            8   -1  2.000  3.000  10.00   0.000
 sndrD3_g13            9   -1  2.600  3.500  10.00   0.000
 sndrD3_g13           10   -1  1.800  2.500  10.00   0.000
 sndrD3_g13           11   -1  2.300  3.500  10.00   0.000
 sndrD3_g13           12   -1  2.800  4.500  10.00   0.000
 sndrD3_g13           13   -1  0.900  2.000  10.00   0.000
 sndrD3_g13           14   -1  0.800  2.000  10.00   0.000
 sndrD3_g13           15   -1  2.000  3.500  10.00   0.000
 sndrD3_g13           16   -1  1.080  2.500  10.00   0.000
 sndrD3_g13           17   -1  2.000  4.500  10.00   0.000
 sndrD3_g13           18   -1  2.000  4.500  10.00   0.000
 sndrD4_g13            1   -1  0.900  2.000  10.00   0.000
 sndrD4_g13            2   -1  0.720  2.000  10.00   0.000
 sndrD4_g13            3   -1  0.600  2.000  10.00   0.000
 sndrD4_g13            4   -1  0.500  2.000  10.00   0.000
 sndrD4_g13            5   -1  0.910  2.000  10.00   0.000
 sndrD4_g13            6   -1  0.980  2.000  10.00   0.000
 sndrD4_g13            7   -1  1.080  2.500  10.00   0.000
 sndrD4_g13            8   -1  2.000  3.000  10.00   0.000
 sndrD4_g13            9   -1  2.600  3.500  10.00   0.000
 sndrD4_g13           10   -1  1.800  2.500  10.00   0.000
 sndrD4_g13           11   -1  2.300  3.500  10.00   0.000
 sndrD4_g13           12   -1  2.800  4.500  10.00   0.000
 sndrD4_g13           13   -1  0.900  2.000  10.00   0.000
 sndrD4_g13           14   -1  0.800  2.000  10.00   0.000
 sndrD4_g13           15   -1  2.000  3.500  10.00   0.000
 sndrD4_g13           16   -1  1.080  2.500  10.00   0.000
 sndrD4_g13           17   -1  2.000  4.500  10.00   0.000
 sndrD4_g13           18   -1  2.000  4.500  10.00   0.000
 hirs2_n14             1   -1  1.840  4.500  10.00   0.000
 hirs2_n14             2    1  0.510  2.500  10.00   0.000
 hirs2_n14             3    1  0.460  2.000  10.00   0.000
 hirs2_n14             4    1  0.350  2.000  10.00   0.000
 hirs2_n14             5    1  0.355  2.000  10.00   0.000
 hirs2_n14             6    1  0.460  2.000  10.00   0.000
 hirs2_n14             7    1  0.570  2.500  10.00   0.000
 hirs2_n14             8    1  1.000  3.000  10.00   0.000
 hirs2_n14             9    1  1.100  3.500  10.00   0.000
 hirs2_n14            10    1  0.600  2.500  10.00   0.000
 hirs2_n14            11    1  1.200  3.500  10.00   0.000
 hirs2_n14            12    1  1.700  4.500  10.00   0.000
 hirs2_n14            13    1  0.380  2.000  10.00   0.000
 hirs2_n14            14    1  0.200  2.000  10.00   0.000
 hirs2_n14            15    1  0.500  2.500  10.00   0.000
 hirs2_n14            16   -1  1.740  4.500  10.00   0.000
 hirs2_n14            17   -1  1.700  4.500  10.00   0.000
 hirs2_n14            18   -1  1.830  4.500  10.00   0.000
 hirs2_n14            19   -1  2.000  4.500  10.00   0.000
 msu_n14               1    1  2.500  4.500  10.00   0.000
 msu_n14               2    1  0.300  2.000  10.00   0.000
 msu_n14               3    1  0.230  2.000  10.00   0.000
 msu_n14               4    1  0.300  2.000  10.00   0.000
