 hirs2_n14               -49.500      1.800        56     7    50
 hirs3_n16               -49.500      1.800        56     7    50
 hirs3_n17               -49.500      1.800        56     7    50
 hirs4_n18               -49.500      1.800        56     7    50
 hirs4_n19               -49.500      1.800        56     7    50
 amsua_n15               -48.333      3.333        30     4    27
 amsua_n16               -48.333      3.333        30     4    27
 amsua_n17               -48.333      3.333        30     4    27
 amsua_n18               -48.333      3.333        30     4    27
 amsua_n19               -48.333      3.333        30     4    27
 amsub_n15               -48.950      1.100        90    10    81
 amsub_n16               -48.950      1.100        90    10    81
 amsub_n17               -48.950      1.100        90    10    81
 atms_npp                -52.725      1.110        96     7    90
 mhs_n18                 -49.444      1.111        90    10    81
 mhs_n19                 -49.444      1.111        90    10    81
 airs281SUBSET_aqua      -48.900      1.100        90    10    81
 amsua_aqua              -48.333      3.333        30     4    27
 hirs4_metop-a           -49.500      1.800        56     7    50
 hirs4_metop-b           -49.500      1.800        56     7    50
 amsua_metop-a           -48.333      3.333        30     4    27
 amsua_metop-b           -48.333      3.333        30     4    27
 mhs_metop-a             -49.444      1.111        90    10    81
 mhs_metop-b             -49.444      1.111        90    10    81
 iasi616_metop-a         -48.330      3.334        60     5    56
 iasi616_metop-b         -48.330      3.334        60     5    56
 msu_n14                 -47.370      9.474        90     2    10
 ssu                     -35.000     10.000        90     2     7
 hsb                     -48.950      1.100        90    10    81
 seviri_m09                0.000      1.000        90    -1    -1
 seviri_m10                0.000      1.000        90    -1    -1
 cris_npp                -51.675      3.322        30     1    30
 ssmis_f16                 0.000      1.000        60     1    60
 ssmis_f17                 0.000      1.000        60     1    60
 ssmis_f18                 0.000      1.000        60     1    60
!sat_sis                  start       step      nstep  edge1  edge2
