  64
   700.0    -0.5 
   700.0    -0.5 
   700.0    -0.5 
   700.0    -0.5 
   700.0    -0.5 
   700.0    -0.5 
   700.0    -0.5 
   700.0    -0.5 
   700.0    -0.5 
   700.0    -0.5 
   700.0    -0.5 
   700.0    -0.5 
   700.0    -0.5 
   700.0    -0.5 
   700.0    -0.5 
   700.0    -0.5 
   700.0    -0.5 
   700.0    -0.5 
   700.0    -0.5 
   700.0    -0.5 
   700.0    -0.5 
   700.0    -0.5 
   700.0    -0.5 
   700.0    -0.5 
   700.0    -0.5 
   700.0    -0.5 
   700.0    -0.5 
   700.0    -0.5 
   700.0    -0.5 
   700.0    -0.5 
   700.0    -0.5 
   720.0    -0.5 
   740.0    -0.5 
   760.0    -0.5 
   780.0    -0.5 
   800.0    -0.5 
   850.0    -0.5 
   900.0    -0.5 
   950.0    -0.5 
  1000.0    -0.5 
  1000.0    -0.5 
  1000.0    -0.5 
  1000.0    -0.5 
  1000.0    -0.5 
  1000.0    -0.5 
  1000.0    -0.5 
  1000.0    -0.5 
  1000.0    -0.5 
  1000.0    -0.5 
  1000.0    -0.5 
  1000.0    -0.5 
  1000.0    -0.5 
  1000.0    -0.5 
  1000.0    -0.5 
  1100.0    -0.5 
  1150.0    -0.5 
  1200.0    -0.5 
  1250.0    -0.5 
  1300.0    -0.5 
  1300.0    -0.5 
  1300.0    -0.5 
  1300.0    -0.5 
  1300.0    -0.5 
  1300.0    -0.5 
