  42
   600.0    -0.5
   600.0    -0.5
   600.0    -0.5
   600.0    -0.5
   600.0    -0.5
   600.0    -0.5
   600.0    -0.5
   600.0    -0.5
   600.0    -0.5
   600.0    -0.5
   600.0    -0.5
   600.0    -0.5
   600.0    -0.5
   600.0    -0.5
   600.0    -0.5
   600.0    -0.5
   600.0    -0.5
   600.0    -0.5
   600.0    -0.5
   600.0    -0.5
   600.0    -0.5
   600.0    -0.5
   600.0    -0.5
   600.0    -0.5
   600.0    -0.5
   600.0    -0.5
   620.0    -0.5
   640.0    -0.5
   660.0    -0.5
   680.0    -0.5
   700.0    -0.5
   750.0    -0.5
   800.0    -0.5
   850.0    -0.5
   900.0    -0.5
   900.0    -0.5
   900.0    -0.5
   900.0    -0.5
   900.0    -0.5
   900.0    -0.5
   900.0    -0.5
   900.0    -0.5
