! otype   = observation type (a7, t, uv, q, etc.)                                          
! type    = prepbufr observation type (if available) 
! sub     = prepbufr subtype (not yet available)
! iuse    = flag if to use/not use / monitor data
!         = 1  use data
!         = 0  do not use data
!         = -1 monitor data
! twindow = time window (+/- hours)
! numgrp  = cross validation parameter - number of groups
! ngroup  = cross validation parameter - group to remove from data use
! nmiter  = cross validation parameter - external iteration to introduce removed data
! gross   = gross error parameter - gross error
! ermax   = gross error parameter - max error  
! ermin   = gross error parameter - min error
! var_b   = variational quality control parameter -  b parameter
! var_pg  = variational quality control parameter -  pg parameter
!otype   type  sub iuse twindow numgrp ngroup nmiter gross ermax ermin var_b var_pg      ithin rmesh pmesh npred
 ps       180    0    1     0.5      0      0      0   5.0   3.0   1.0  10.0  0.000          0    0.    0.     0
 ps       181    0    1     0.5      0      0      0   5.0   3.0   1.0  10.0  0.000          0    0.    0.     0
 ps       182    0    1     0.5      0      0      0   5.0   3.0   1.0  10.0  0.000          0    0.    0.     0
 ps       183    0   -1     0.5      0      0      0   5.0   3.0   1.0  10.0  0.000          0    0.    0.     0
 ps       187    0    1     0.5      0      0      0   5.0   3.0   1.0  10.0  0.000          0    0.    0.     0
 ps       188    0    1     0.5      0      0      0   5.0   3.0   1.0  10.0  0.000          0    0.    0.     0
 t        180    0    1     0.5      0      0      0   7.0   3.0   1.0  10.0  0.000          0    0.    0.     0
 t        181    0    1     0.5      0      0      0   5.0   3.0   1.0  10.0  0.000          0    0.    0.     0
 t        182    0    1     0.5      0      0      0   5.0   3.0   1.0  10.0  0.000          0    0.    0.     0
 t        183    0    1     0.5      0      0      0   5.0   3.0   1.0  10.0  0.000          0    0.    0.     0
 t        187    0    1     0.5      0      0      0   7.5   3.0   1.0  10.0  0.000          0    0.    0.     0
 t        188    0    1     0.5      0      0      0   5.0   3.0   1.0  10.0  0.000          0    0.    0.     0
 q        180    0    1     0.5      0      0      0   5.0  50.0   5.0  10.0  0.000          0    0.    0.     0
 q        181    0    1     0.5      0      0      0   5.0  50.0   5.0  10.0  0.000          0    0.    0.     0
 q        182    0    1     0.5      0      0      0   5.0  50.0   5.0  10.0  0.000          0    0.    0.     0
 q        183    0    1     0.5      0      0      0   5.0  50.0   5.0  10.0  0.000          0    0.    0.     0
 q        187    0    1     0.5      0      0      0   5.0  50.0   5.0  10.0  0.000          0    0.    0.     0
 q        188    0    1     0.5      0      0      0   3.0  15.0  10.0  10.0  0.000          0    0.    0.     0
 uv       242    0   -1     3.0      0      0      0   5.0   6.1   1.4  10.0  0.000          0    0.    0.     0
 uv       243    0   -1     3.0      0      0      0   5.0   6.1   1.4  10.0  0.000          0    0.    0.     0
 uv       244    0   -1     3.0      0      0      0   5.0   6.1   1.4  10.0  0.000          0    0.    0.     0
 uv       245    0   -1     3.0      0      0      0   5.0   6.1   1.4  10.0  0.000          0    0.    0.     0
 uv       245    1   -1     3.0      0      0      0   5.0   6.1   1.4  10.0  0.000          0    0.    0.     0
 uv       245   15   -1     3.0      0      0      0   5.0   6.1   1.4  10.0  0.000          0    0.    0.     0
 uv       246    0   -1     3.0      0      0      0   5.0   6.1   1.4  10.0  0.000          0    0.    0.     0
 uv       246   15   -1     3.0      0      0      0   5.0   6.1   1.4  10.0  0.000          0    0.    0.     0
 uv       247    0   -1     3.0      0      0      0   5.0   6.1   1.4  10.0  0.000          0    0.    0.     0
 uv       248    0    0     3.0      0      0      0   5.0   6.1   1.4  10.0  0.000          0    0.    0.     0
 uv       249    0    0     3.0      0      0      0   5.0   6.1   1.4  10.0  0.000          0    0.    0.     0
 uv       250    0   -1     3.0      0      0      0   5.0   6.1   1.4  10.0  0.000          0    0.    0.     0
 uv       251    0   -1     3.0      0      0      0   5.0   6.1   1.4  10.0  0.000          0    0.    0.     0
 uv       251   15   -1     3.0      0      0      0   5.0   6.1   1.4  10.0  0.000          0    0.    0.     0
 uv       252    0   -1     3.0      0      0      0   5.0   6.1   1.4  10.0  0.000          0    0.    0.     0
 uv       253    0   -1     3.0      0      0      0   5.0   6.1   1.4  10.0  0.000          0    0.    0.     0
 uv       254    0   -1     3.0      0      0      0   5.0   6.1   1.4  10.0  0.000          0    0.    0.     0
 uv       255    0    0     3.0      0      0      0   5.0   6.1   1.4  10.0  0.000          0    0.    0.     0
 uv       256    0    0     3.0      0      0      0   5.0   6.1   1.4  10.0  0.000          0    0.    0.     0
 uv       257    0   -1     3.0      0      0      0   5.0   6.1   1.4  10.0  0.000          0    0.    0.     0
 uv       258    0   -1     3.0      0      0      0   5.0   6.1   1.4  10.0  0.000          0    0.    0.     0
 uv       259    0   -1     3.0      0      0      0   5.0   6.1   1.4  10.0  0.000          0    0.    0.     0
 uv       280    0    1     0.5      0      0      0   5.0   5.0   1.0  10.0  0.000          0    0.    0.     0
 uv       281    0    1     0.5      0      0      0   5.0   5.0   1.0  10.0  0.000          0    0.    0.     0
 uv       282    0    1     0.5      0      0      0   5.0   5.0   1.0  10.0  0.000          0    0.    0.     0
 uv       284    0    1     0.5      0      0      0   5.0   5.0   1.0  10.0  0.000          0    0.    0.     0
 uv       285    0    1     0.5      0      0      0   5.0   5.0   1.0  10.0  0.000          0    0.    0.     0
 uv       286    0    1     0.5      0      0      0   5.0   5.0   1.0  10.0  0.000          0    0.    0.     0
 uv       287    0    1     0.5      0      0      0   7.0  10.0   2.0  10.0  0.000          0    0.    0.     0
 uv       288    0    1     0.5      0      0      0   5.0   5.0   1.0  10.0  0.000          0    0.    0.     0
 uv       289    0    1     3.0      0      0      0   5.0   5.0   1.0  10.0  0.000          0    0.    0.     0
 uv       290    0    1     3.0      0      0      0   5.0   5.0   1.0  10.0  0.000          1  100. 1200.     0
 spd      283    0    1     0.5      0      0      0   5.0   5.0   1.0  10.0  0.000          0    0.    0.     0
 gust     180    0    1     0.2      0      0      0   5.0   8.0   1.0  10.0  0.000          0    0.    0.     0
 gust     181    0    1     0.2      0      0      0   5.0   8.0   1.0  10.0  0.000          0    0.    0.     0
 gust     184    0    1     0.2      0      0      0   5.0   8.0   1.0  10.0  0.000          0    0.    0.     0
 gust     187    0    1     0.2      0      0      0   5.0   8.0   1.0  10.0  0.000          0    0.    0.     0
 gust     188    0    1     0.2      0      0      0   5.0   8.0   1.0  10.0  0.000          0    0.    0.     0
 gust     280    0   -1     0.2      0      0      0   5.0   8.0   1.0  10.0  0.000          0    0.    0.     0
 gust     281    0   -1     0.2      0      0      0   5.0   8.0   1.0  10.0  0.000          0    0.    0.     0
 gust     284    0   -1     0.2      0      0      0   5.0   8.0   1.0  10.0  0.000          0    0.    0.     0
 gust     287    0   -1     0.2      0      0      0   5.0   8.0   1.0  10.0  0.000          0    0.    0.     0
 gust     288    0   -1     0.2      0      0      0   5.0   8.0   1.0  10.0  0.000          0    0.    0.     0
 vis      180    0    1     0.5      0      0      0  10.0 4000.0  1.0  10.0  0.000          0    0.    0.     0
 vis      181    0    1     0.5      0      0      0  10.0 4000.0  1.0  10.0  0.000          0    0.    0.     0
 vis      183    0    1     0.5      0      0      0  10.0 4000.0  1.0  10.0  0.000          0    0.    0.     0
 vis      187    0    1     0.5      0      0      0  10.0 4000.0  1.0  10.0  0.000          0    0.    0.     0
 vis      280    0    1     0.5      0      0      0  10.0 4000.0  1.0  10.0  0.000          0    0.    0.     0
 vis      281    0    1     0.5      0      0      0  10.0 4000.0  1.0  10.0  0.000          0    0.    0.     0
 vis      283    0    1     0.5      0      0      0  10.0 4000.0  1.0  10.0  0.000          0    0.    0.     0
 vis      287    0    1     0.5      0      0      0  10.0 4000.0  1.0  10.0  0.000          0    0.    0.     0
 pblh     131    0    0     0.5      0      0      0   5.0   200.  1.0  10.0  0.000          0    0.    0.     0
 pblh     133    0    0     0.5      0      0      0   5.0   200.  1.0  10.0  0.000          0    0.    0.     0
 pblh     135    0    0     0.5      0      0      0   5.0   200.  1.0  10.0  0.000          0    0.    0.     0
 pblh     120    0    0     0.5      0      0      0   5.0   100.  1.0  10.0  0.000          0    0.    0.     0
 pblh     181    0    0     0.5      0      0      0   5.0   200.  1.0  10.0  0.000          0    0.    0.     0
