 Atlantic average track errors (NM) FOR HOMOGENEOUS SAMPLE
                     00     12     24     36     48     72     96    120 (fhr)
AVNO    2001      16.0   38.2   59.1   84.6  108.5  164.4  206.4  214.4
AVNO    2002      16.6   45.9   75.7  108.8  142.4  219.6  315.8  419.7
AVNO    2003      17.0   42.9   65.6   87.4  109.9  148.7  188.2  242.9
AVNO    2004      14.7   36.9   60.4   81.6  102.0  153.0  203.3  287.0
AVNO    2005      15.6   41.1   61.6   82.0  106.3  167.0  252.4  350.2
AVNO    2006      16.4   41.5   61.0   74.3   88.6  136.6  193.2  266.3
AVNO    2007      18.6   43.4   70.4   86.8  100.6  129.7  149.8  205.4
AVNO    2008      15.5   38.3   58.7   76.6   96.1  140.0  177.0  222.0
AVNO    2009      20.3   39.0   53.5   64.5   77.4  113.6  175.4  226.5
AVNO    2010      12.7   32.8   50.5   65.9   82.4  123.5  171.2  227.4
AVNO    2011      12.0   30.3   47.0   62.0   76.1  119.1  169.4  240.5
AVNO    2012      11.0   24.9   36.9   49.0   62.4   88.4  142.8  240.0
AVNO    2013      12.7   32.3   47.2   67.0   88.6  147.7  239.3  218.3



OFCL    2001       7.6   42.5   74.9  107.1  140.4  207.0  277.8  364.7
OFCL    2002       6.5   41.0   72.5  104.1  131.4  193.3  286.6  385.1
OFCL    2003       7.6   37.0   64.0   92.9  124.0  153.6  188.7  227.1
OFCL    2004       6.2   31.4   55.8   77.5   97.7  145.1  202.6  263.9
OFCL    2005       7.7   34.7   57.6   80.7  103.3  150.1  198.3  225.8
OFCL    2006       9.5   30.0   49.8   70.3   93.3  136.7  175.6  229.5
OFCL    2007       8.0   32.4   50.7   70.7   93.8  138.2  170.5  270.3
OFCL    2008       5.8   27.5   48.8   68.9   87.9  124.1  155.7  191.2
OFCL    2009       9.9   29.9   45.5   61.7   73.2  119.7  198.0  286.0
OFCL    2010       7.0   35.0   55.6   71.9   90.8  131.9  168.9  195.7
OFCL    2011       7.3   29.1   44.2   57.3   70.1  106.4  160.1  239.7
OFCL    2012       3.6   25.4   41.8   55.8   71.7  106.8  149.6  191.4
OFCL    2013       7.4   30.3   50.6   71.2   96.5  141.0  194.2  183.8



Atlantic  AVERAGE INTENSITY ERRORS (KT) FOR HOMOGENEOUS SAMPLE
                     00     12     24     36     48     72     96    120 (fhr)
AVNO    2001      23.0   25.0   27.2   28.4   29.6   32.1   32.5   35.4
AVNO    2002      17.8   18.8   21.0   22.3   24.0   25.8   26.5   26.1
AVNO    2003      28.5   30.8   33.3   35.7   38.3   43.8   47.9   49.6
AVNO    2004      33.3   35.0   37.2   39.4   41.0   43.2   45.3   47.0
AVNO    2005      23.8   26.0   28.1   31.0   33.6   36.9   35.0   30.4
AVNO    2006      21.9   23.5   25.7   27.3   28.0   27.3   29.5   30.9
AVNO    2007      25.6   28.5   32.6   34.1   36.5   42.8   41.1   52.4
AVNO    2008      24.1   24.5   25.9   26.8   28.1   27.2   26.8   26.2
AVNO    2009      20.9   22.0   24.6   27.1   29.1   32.2   31.8   30.8
AVNO    2010      18.7   18.9   20.1   21.3   21.7   22.3   24.1   23.6
AVNO    2011      12.2   12.6   13.0   14.0   14.0   14.7   15.1   16.0
AVNO    2012      9.0   10.2   11.3   12.1   13.1   14.3   14.8   15.9
AVNO    2012      7.9    9.0    8.8    9.4    9.6   11.4   12.7   16.9



OFCL    2001       1.1    6.2    9.8   12.2   14.9   18.1   17.8   14.9
OFCL    2002       1.1    5.6    9.4   11.6   14.7   21.1   24.0   26.0
OFCL    2003       1.5    5.3    7.9    9.5   11.3   14.7   17.4   20.3
OFCL    2004       2.0    7.5   10.3   12.4   13.5   16.6   19.2   22.7
OFCL    2005       1.8    6.9   11.2   13.7   15.4   21.0   21.5   24.3
OFCL    2006       1.9    6.5   10.3   12.6   14.4   16.8   18.0   17.1
OFCL    2007       2.4    8.1   11.8   15.5   18.8   22.7   30.4   31.5
OFCL    2008       1.8    7.0   10.6   12.1   13.7   14.6   14.3   17.0
OFCL    2009       1.6    6.5   11.8   15.7   17.5   20.7   19.9   16.8
OFCL    2010       1.1    6.4   11.2   13.7   15.2   16.9   18.2   18.1
OFCL    2011        .7    5.3    8.7   11.3   13.8   16.6   17.3   17.1
OFCL    2012        .7    4.7    7.9   10.4   12.5   14.0   12.1   12.2
OFCL    2013       0.6    4.1    7.0    9.2   10.6    9.7    9.7   17.1


#CASES  2001       314    265    226    203    180    135     91     64
#CASES  2002       290    263    231    201    171    139    116     92
#CASES  2003       375    341    306    266    231    177    141    115
#CASES  2004       404    371    346    315    286    246    197    158
#CASES  2005       533    469    419    368    330    251    171    115
#CASES  2006       235    214    193    173    154    112     84     62
#CASES  2007       174    150    120     98     79     49     36     20
#CASES  2008       360    335    307    281    254    209    167    137
#CASES  2009       137    114     91     72     61     48     35     20
#CASES  2010       404    371    327    287    252    194    153    119
#CASES  2011       381    344    301    263    225    173    139    111
#CASES  2012       407    367    325    282    244    189    150    114
#CASES  2013       189    157    127    101     77     38     18     17



Eastern Pacific  average track errors (NM) FOR HOMOGENEOUS SAMPLE
                     00     12     24     36     48     72     96    120
AVNO    2001      17.9   45.3   69.2   93.1  114.3  140.1  157.8  195.3
AVNO    2002      17.8   48.2   64.0   80.8   91.3  124.6  159.2  189.6
AVNO    2003      20.4   47.2   76.6  109.7  135.4  188.6  272.2  383.4
AVNO    2004      18.4   46.5   68.1   92.6  123.4  201.0  303.8  437.8
AVNO    2005      19.0   44.0   64.5   86.0  107.6  167.5  227.7  279.5
AVNO    2006      20.5   47.8   72.4   96.6  124.7  185.2  228.2  289.0
AVNO    2007      17.7   44.3   66.4   87.0  107.9  153.1  171.4  202.7
AVNO    2008      17.0   40.4   60.5   77.0  103.3  166.0  272.6  391.8
AVNO    2009      15.3   44.8   73.2   96.0  111.3  142.1  182.2  242.8
AVNO    2010      14.1   39.3   60.0   80.4   98.7  154.3  200.7  238.0
AVNO    2011       9.9   30.5   48.6   69.1   89.0  142.6  191.7  216.6
AVNO    2012      12.0   28.0   39.8   53.6   68.5   99.2  127.9  146.0
AVNO    2013      12.5   31.0   47.0   60.2   75.2  107.9  143.9  178.6




OFCL    2001       9.8   38.5   68.1   89.4  114.8  162.0  212.8  230.3
OFCL    2002       8.0   36.6   60.0   79.9   98.7  139.8  201.7  201.8
OFCL    2003       9.4   35.0   62.6   92.0  122.7  177.5  264.5  358.8
OFCL    2004       8.2   29.8   52.3   74.3   95.6  140.4  203.6  308.6
OFCL    2005       9.1   32.0   51.5   69.2   81.6  108.0  128.9  145.5
OFCL    2006       8.9   29.9   54.6   77.8  100.4  126.1  141.0  199.8
OFCL    2007       9.4   29.0   49.6   71.9   92.7  117.5  147.7  187.9
OFCL    2008      11.0   30.7   47.1   63.2   77.5  108.0  137.5  167.4
OFCL    2009       6.6   29.9   51.7   72.5   89.7  110.7  161.6  250.7
OFCL    2010       8.4   27.0   40.5   50.0   57.6   89.5  125.0  140.1
OFCL    2011       6.9   25.8   41.0   53.4   69.0  103.3  150.3  169.5
OFCL    2012       6.2   24.2   36.6   48.2   63.1   86.5  110.0  101.9
OFCL    2013       7.2   25.4   40.2   51.9   64.7   88.6  125.0  167.1


Eastern Pacific AVERAGE INTENSITY ERRORS (KT) FOR HOMOGENEOUS SAMPLE
                     00     12     24     36     48     72     96    120
AVNO    2001      27.2   29.1   30.8   32.4   32.8   33.2   24.6   18.0
AVNO    2002      27.6   29.8   32.1   34.1   33.0   26.5   15.8   11.0
AVNO    2003      21.3   23.1   24.1   24.4   22.5   18.6   12.4    7.6
AVNO    2004      27.2   30.5   32.6   35.1   36.8   38.0   33.6   33.1
AVNO    2005      24.9   27.0   28.6   29.0   28.7   27.8   26.5   24.9
AVNO    2006      29.2   32.4   34.6   35.2   35.2   35.5   30.8   26.6
AVNO    2007      18.8   20.1   21.5   22.7   23.2   22.2   22.1   20.8
AVNO    2008      25.8   27.7   30.5   33.0   34.8   37.6   42.2   37.3
AVNO    2009      27.8   29.5   30.8   31.8   31.7   30.2   23.3   15.6
AVNO    2010      23.2   24.8   28.2   31.3   33.0   32.7   31.4   36.4
AVNO    2011      22.6   23.5   25.0   26.0   25.7   22.3   21.5   19.5
AVNO    2012      11.8   13.2   14.8   16.1   16.7   16.5   14.7   12.1
AVNO    2013      10.7   13.8   15.9   16.8   16.3   16.0   15.5   14.7




OFCL    2001       1.7    6.3   10.3   13.5   14.8   18.5   20.7   20.0
OFCL    2002       1.2    6.0   11.3   15.3   17.3   18.9   17.1   19.3
OFCL    2003       2.0    6.4   11.4   16.0   20.0   22.1   19.6   16.7
OFCL    2004       1.6    6.6   11.7   14.5   15.9   20.0   19.1   22.1
OFCL    2005       1.4    6.0   10.3   14.0   16.9   19.9   20.6   21.1
OFCL    2006       1.8    6.6   10.4   13.8   15.7   18.0   20.3   20.7
OFCL    2007       1.1    5.2    8.7   12.0   14.9   19.6   22.1   18.3
OFCL    2008       1.5    6.0    9.7   11.6   12.8   14.6   17.0   19.3
OFCL    2009        .4    6.1   10.7   14.8   16.1   15.8   16.0   17.4
OFCL    2010       1.2    6.0    9.2   12.1   13.8   15.8   16.6   18.3
OFCL    2011       1.0    6.5   11.5   14.2   15.7   17.7   17.5   15.1
OFCL    2012        .9    5.1    8.5   11.1   11.8   10.7   14.1   14.8
OFCL    2013       0.8    4.6    9.0   11.4   12.4   14.4   14.6   13.7


#CASES  2001       290    252    219    185    158     99     43     29
#CASES  2002       314    277    238    200    173    129     82     44
#CASES  2003       294    260    218    183    154     96     54     21
#CASES  2004       249    216    184    154    129     90     61     36
#CASES  2005       326    288    251    220    189    143    106     81
#CASES  2006       350    301    256    209    169    100     66     43
#CASES  2007       259    232    200    172    151    106     68     45
#CASES  2008       297    269    230    192    163    106     65     36
#CASES  2009       303    278    237    200    161    101     68     42
#CASES  2010       158    143    118    100     86     66     43     24
#CASES  2011       261    239    216    194    171    130     91     57
#CASES  2012       305    273    241    210    180    126     79     42
#CASES  2013       318    282    246    205    165    109     80     56

