KABR     45.46    -98.41   417.0
KABX     35.15   -106.82  1809.6
KAKQ     36.98    -77.01    59.1
KAMA     35.23   -101.71  1113.6
KAMX     25.61    -80.41    29.3
KAPX     44.91    -84.72   471.3
KARX     43.82    -91.19   409.0
KATX     48.19   -122.49   180.6
KBBX     39.50   -121.63    62.7
KBGM     42.20    -75.98   514.6
KBHX     40.50   -124.29   762.3
KBIS     46.77   -100.76   530.5
KBLX     45.85   -108.61  1112.0
KBMX     33.17    -86.77   226.6
KBOX     41.96    -71.14    66.0
KBRO     25.92    -97.42    22.0
KBUF     42.95    -78.74   236.3
KBYX     24.60    -81.70    22.4
KCAE     33.95    -81.12   100.4
KCBW     46.04    -67.81   257.4
KCBX     43.49   -116.23   953.2
KCCX     40.26    -78.00   739.1
KCLE     41.41    -81.86   257.6
KCLX     32.66    -81.04    59.6
KCRP     27.78    -97.51    43.7
KCXX     44.51    -73.17   126.6
KCYS     41.15   -104.81  1883.3
KDAX     38.50   -121.68    39.0
KDDC     37.76    -99.30   795.5
KDFX     29.27   -100.28   364.8
KDGX     32.28    -89.98   185.6
KDIX     39.95    -74.41    65.4
KDLH     46.84    -92.21   465.4
KDMX     41.73    -93.72   329.1
KDOX     38.83    -75.44    45.2
KDTX     42.70    -83.47   356.8
KDVN     41.61    -90.57   235.9 
KDYX     32.54    -99.25   477.5
KEAX     38.81    -94.26   328.4
KEMX     31.89   -110.63  1616.0
KENX     42.59    -74.06   576.7
KEOX     31.46    -85.46   142.3
KEPZ     31.87   -106.70  1281.2
KESX     35.70   -114.22  1489.6
KEVX     30.56    -85.92    62.7
KEWX     29.70    -98.03   218.0
KEYX     35.10   -117.56   860.5
KFCX     37.02    -80.27   899.4
KFDR     34.36    -98.98   396.3
KFDX     34.64   -103.63  1427.7
KFFC     33.36    -84.57   291.6
KFSD     43.59    -96.73   451.0
KFSX     34.57   -111.20  2286.3
KFTG     39.79   -104.55  1705.9
KFWS     32.57    -97.30   228.2
KGGW     48.21   -106.62   713.9
KGJX     39.06   -108.21  3061.0
KGLD     39.37   -101.70  1128.1
KGRB     44.50    -88.11   237.9
KGRK     30.72    -97.38   179.0
KGRR     42.89    -85.54   262.2
KGSP     34.88    -82.22   316.6
KGWX     33.90    -88.33   165.1
KGYX     43.89    -70.26   139.7
KHDX     33.08   -106.12  1297.2
KHGX     29.47    -95.08    30.5
KHNX     36.31   -119.63    99.1
KHPX     36.74    -87.29   185.6
KHTX     34.93    -86.08   551.6
KICT     37.65    -97.44   422.0
KICX     37.59   -112.86  3261.7
KILN     39.42    -83.82   352.0
KILX     40.15    -89.34   207.4
KIND     39.71    -86.28   265.9
KINX     36.18    -95.56   223.7
KIWA     33.29   -111.67   427.5
KIWX     41.36    -85.70   317.7
KJAX     30.48    -81.70    35.1
KJGX     32.68    -83.35   183.8
KJKL     37.59    -83.31   440.9
KLBB     33.65   -101.81  1013.6
KLCH     30.13    -93.22    24.0
KLGX     47.11   -124.11    11.5
KLIX     30.34    -89.83    37.3
KLNX     41.96   -100.58   930.5
KLOT     41.60    -88.08   227.1
KLRX     40.74   -116.80  2086.1
KLSX     38.70    -90.68   215.4
KLTX     33.99    -78.43    39.5
KLVX     37.98    -85.94   249.2
KLWX     38.98    -77.48   107.9
KLZK     34.84    -92.26   193.2
KMAF     31.94   -102.19   889.4
KMAX     42.08   -122.72  2300.5
KMBX     48.39   -100.86   480.2
KMHX     34.78    -76.88    39.5
KMKX     42.30    -88.55   295.0
KMLB     28.11    -80.65    30.7
KMOB     30.68    -88.24    83.4
KMPX     44.85    -93.57   318.4
KMQT     46.53    -87.55   460.2
KMSX     47.04   -113.99  2404.8
KMTX     41.26   -112.45  1999.5
KMUX     37.16   -121.90  1077.6
KMVX     47.53    -97.33   325.6
KMXX     32.54    -85.79   152.0
KNKX     32.92   -117.04   316.2
KNQA     35.35    -89.87   111.0
KOAX     41.32    -96.37   380.0
KOHX     36.25    -86.56   201.5
KOTX     47.68   -117.63   741.8
KPAH     37.07    -88.77   149.5
KPBZ     40.53    -80.22   381.3
KPDT     45.69   -118.85   476.9
KPOE     31.16    -92.98   139.4
KPUX     38.46   -104.18  1615.3
KRAX     35.67    -78.49   136.1
KRGX     39.75   -119.46  2535.6
KRIW     43.07   -108.48  1712.6
KRLX     38.31    -81.72   359.3
KRTX     45.71   -122.96   509.3
KSFX     43.11   -112.69  1379.0
KSGF     37.24    -93.40   414.6
KSHV     32.45    -93.84   113.2
KSJT     31.37   -100.49   606.2
KSOX     33.82   -117.64   937.9
KSRX     35.29    -94.36   215.1
KTBW     27.71    -82.40    32.5
KTFX     47.46   -111.38  1147.3
KTLH     30.40    -84.33    49.2
KTLX     35.33    -97.28   384.8
KTWX     39.00    -96.23   426.8
KTYX     43.76    -75.68   592.8
KUDX     44.13   -102.83   949.5
KUEX     40.32    -98.44   622.4
KVAX     30.89    -83.00    84.3
KVBX     34.84   -120.40   400.9
KVNX     36.74    -98.13   378.9
KVTX     34.41   -119.18   851.1
KVWX     38.26    -87.72   190.2
KYUX     32.50   -114.66    73.0
