#=================================================
# satellite-sensor-channel data availability list
#=================================================
#
# Information in this list tells the avaibility of given channels at a given
# time, to be used (at least) in the passive mode for the GSI.
#
#              Launched   Deactivated   Level-1B Archieved Data
#              ======================== =======================
# TIROS-N  PM  1978-10-13  1981-02-27   1978-10-21  1980-02-27

n05  19781021 000000  19800227 240000 hirs2  19   1 2 3 4 5 6 7 8 9 10 11 12 13 14 15 16 17 18 19
n05  19781021 000000  19800227 240000 msu     4   1 2 3 4
n05  19781021 000000  19800227 240000 ssu     3   1 2 3

# NOAA-06  AM  1979-06-27  1987-03-31   1979-06-30  1983-04-17
#                                       1985-04-08  1985-07-01
#                                       1985-10-15  1986-11-17

n06  19790630 000000  19830417 240000 hirs2  19   1 2 3 4 5 6 7 8 9 10 11 12 13 14 15 16 17 18 19
n06  19790630 000000  19830417 240000 msu     4   1 2 3 4
n06  19790630 000000  19830417 240000 ssu     3   1 2 3

n06  19850408 000000  19850701 240000 hirs2  19   1 2 3 4 5 6 7 8 9 10 11 12 13 14 15 16 17 18 19
n06  19850408 000000  19850701 240000 msu     4   1 2 3 4
n06  19850408 000000  19850701 240000 ssu     3   1 2 3

n06  19851015 000000  19861117 240000 hirs2  19   1 2 3 4 5 6 7 8 9 10 11 12 13 14 15 16 17 18 19
n06  19851015 000000  19861117 240000 msu     4   1 2 3 4
n06  19851015 000000  19861117 240000 ssu     3   1 2 3

# NOAA-07  PM  1981-06-23  1985-06-17   1981-08-24  1985-02-01
n07  19810824 000000  19850201 240000 hirs2  19   1 2 3 4 5 6 7 8 9 10 11 12 13 14 15 16 17 18 19
n07  19810824 000000  19850201 240000 msu     4   1 2 3 4
n07  19810824 000000  19850201 240000 ssu     3   1 2 3

# NOAA-08  AM  1983-03-28  1985-12-25   1983-05-03  1984-06-20
#                                       1985-07-01  1985-10-14
n08  19830503 000000  19840620 240000 hirs2  19   1 2 3 4 5 6 7 8 9 10 11 12 13 14 15 16 17 18 19
n08  19830503 000000  19840620 240000 msu     4   1 2 3 4
n08  19830503 000000  19840620 240000 ssu     3   1 2 3

n08  19850701 000000  19851014 240000 hirs2  19   1 2 3 4 5 6 7 8 9 10 11 12 13 14 15 16 17 18 19
n08  19850701 000000  19851014 240000 msu     4   1 2 3 4
n08  19850701 000000  19851014 240000 ssu     3   1 2 3

# NOAA-09  PM  1984-12-12  1998-12-13   1985-02-25  1988-11-07
n09  19850225 000000  19881107 240000 hirs2  19   1 2 3 4 5 6 7 8 9 10 11 12 13 14 15 16 17 18 19
n09  19850225 000000  19881107 240000 msu     4   1 2 3 4
n09  19850225 000000  19881107 240000 ssu     3   1 2 3

# NOAA-10  AM  1986-09-17  2001-08-30   1986-11-25  1991-09-16
n10  19861125 000000  19910916 240000 hirs2  19   1 2 3 4 5 6 7 8 9 10 11 12 13 14 15 16 17 18 19
n10  19861125 000000  19910916 240000 msu     4   1 2 3 4

# NOAA-11  PM  1988-09-24  2004-06-16   1988-11-08  1995-04-10
#                                       1997-07-15  2000-04-26
n11  19881108 000000  19950410 240000 hirs2  19   1 2 3 4 5 6 7 8 9 10 11 12 13 14 15 16 17 18 19
n11  19881108 000000  19950410 240000 msu     4   1 2 3 4
n11  19881108 000000  19950410 240000 ssu     3   1 2 3

n11  19970715 000000  20000426 240000 hirs2  19   1 2 3 4 5 6 7 8 9 10 11 12 13 14 15 16 17 18 19
n11  19970715 000000  20000426 240000 msu     4   1 2 3 4
n11  19970715 000000  20000426 240000 ssu     3   1 2 3

# NOAA-12  AM  1991-05-14  1998-12-14   1991-09-16  1998-12-14
n12  19910916 000000  19981214 240000 hirs2  19   1 2 3 4 5 6 7 8 9 10 11 12 13 14 15 16 17 18 19
n12  19910916 000000  19981214 240000 msu     4   1 2 3 4

# NOAA-14  AM  1994-12-30               1995-01-01
n14  19950101 000000  29991231 240000 hirs2  19   1 2 3 4 5 6 7 8 9 10 11 12 13 14 15 16 17 18 19
n14  19950101 000000  29991231 240000 msu     4   1 2 3 4
n14  19950101 000000  29991231 240000 ssu     3   1 2 3


# NOAA-15  AM  1998-05-13               1998-10-26
n15  19981026 000000  29991231 240000 hirs3  19   1 2 3 4 5 6 7 8 9 10 11 12 13 14 15 16 17 18 19
n15  19981026 000000  29991231 240000 amsua  15   1 2 3 4 5 6 7 8 9 10 11 12 13 14 15
n15  19981026 000000  29991231 240000 amsub   5   1 2 3 4 5

# NOAA-16  PM  2000-09-21               2001-01-24
n16  20010124 000000  29991231 240000 hirs3  19   1 2 3 4 5 6 7 8 9 10 11 12 13 14 15 16 17 18 19
n16  20010124 000000  29991231 240000 amsua  15   1 2 3 4 5 6 7 8 9 10 11 12 13 14 15
n16  20010124 000000  29991231 240000 amsub   5   1 2 3 4 5
n16  20010124 000000  29991231 240000 avhrr3  3   3 4 5

# NOAA-17  AM  2002-06-21               2002-06-25
n17  20020625 000000  29991231 240000 hirs3  19   1 2 3 4 5 6 7 8 9 10 11 12 13 14 15 16 17 18 19
n17  20020625 000000  29991231 240000 amsua  15   1 2 3 4 5 6 7 8 9 10 11 12 13 14 15
n17  20020625 000000  29991231 240000 amsub   5   1 2 3 4 5
n17  20020625 000000  29991231 240000 avhrr3  3   3 4 5

# NOAA-18  PM  2005-05-20
n18  20050520 000000  29991231 240000 hirs4  19   1 2 3 4 5 6 7 8 9 10 11 12 13 14 15 16 17 18 19
n18  20050520 000000  29991231 240000 amsua  10   1 2 3 4 5 6 7 8 9 10 11 12 13 14 15
n18  20050520 000000  29991231 240000 mhs     5   1 2 3 4 5
n18  20050520 000000  29991231 240000 avhrr3  3   3 4 5

# EOS Aqua AM  2002-05-04

#                                 airs 281 channels   m     01   02   03   04   05   06   07   08   09   10
aqua 20020504 000000  29991231 240000 airs281SUBSET   10      1    6    7   10   11   15   16   17   20   21	# 000
aqua 20020504 000000  29991231 240000 airs281SUBSET   10     22   24   27   28   30   36   39   40   42   51	# 010
aqua 20020504 000000  29991231 240000 airs281SUBSET   10     52   54   55   56   59   62   63   68   69   71	# 020
aqua 20020504 000000  29991231 240000 airs281SUBSET   10     72   73   74   75   76   77   78   79   80   82	# 030
aqua 20020504 000000  29991231 240000 airs281SUBSET   10     83   84   86   92   93   98   99  101  104  105	# 040
aqua 20020504 000000  29991231 240000 airs281SUBSET   10    108  110  111  113  116  117  123  124  128  129	# 050
aqua 20020504 000000  29991231 240000 airs281SUBSET   10    138  139  144  145  150  151  156  157  159  162	# 060
aqua 20020504 000000  29991231 240000 airs281SUBSET   10    165  168  169  170  172  173  174  175  177  179	# 070
aqua 20020504 000000  29991231 240000 airs281SUBSET   10    180  182  185  186  190  192  198  201  204  207	# 080
aqua 20020504 000000  29991231 240000 airs281SUBSET   10    210  215  216  221  226  227  232  252  253  256	# 090
aqua 20020504 000000  29991231 240000 airs281SUBSET   10    257  261  262  267  272  295  299  300  305  310	# 100
aqua 20020504 000000  29991231 240000 airs281SUBSET   10    321  325  333  338  355  362  375  453  475  484	# 110
aqua 20020504 000000  29991231 240000 airs281SUBSET   10    497  528  587  672  787  791  843  870  914  950	# 120
aqua 20020504 000000  29991231 240000 airs281SUBSET   10   1003 1012 1019 1024 1030 1038 1048 1069 1079 1082	# 130
aqua 20020504 000000  29991231 240000 airs281SUBSET   10   1083 1088 1090 1092 1095 1104 1111 1115 1116 1119	# 140
aqua 20020504 000000  29991231 240000 airs281SUBSET   10   1120 1123 1130 1138 1142 1178 1199 1206 1221 1237	# 150
aqua 20020504 000000  29991231 240000 airs281SUBSET   10   1252 1260 1263 1266 1285 1301 1304 1329 1371 1382	# 160
aqua 20020504 000000  29991231 240000 airs281SUBSET   10   1415 1424 1449 1455 1466 1477 1500 1519 1538 1545	# 170
aqua 20020504 000000  29991231 240000 airs281SUBSET   10   1565 1574 1583 1593 1614 1627 1636 1644 1652 1669	# 180
aqua 20020504 000000  29991231 240000 airs281SUBSET   10   1674 1681 1694 1708 1717 1723 1740 1748 1751 1756	# 190
aqua 20020504 000000  29991231 240000 airs281SUBSET   10   1763 1766 1771 1777 1780 1783 1794 1800 1803 1806	# 200
aqua 20020504 000000  29991231 240000 airs281SUBSET   10   1812 1826 1843 1852 1865 1866 1868 1869 1872 1873	# 210
aqua 20020504 000000  29991231 240000 airs281SUBSET   10   1876 1881 1882 1883 1911 1917 1918 1924 1928 1937	# 220
aqua 20020504 000000  29991231 240000 airs281SUBSET   10   1941 2099 2100 2101 2103 2104 2106 2107 2108 2109	# 230
aqua 20020504 000000  29991231 240000 airs281SUBSET   10   2110 2111 2112 2113 2114 2115 2116 2117 2118 2119	# 240
aqua 20020504 000000  29991231 240000 airs281SUBSET   10   2120 2121 2122 2123 2128 2134 2141 2145 2149 2153	# 250
aqua 20020504 000000  29991231 240000 airs281SUBSET   10   2164 2189 2197 2209 2226 2234 2280 2318 2321 2325	# 260
aqua 20020504 000000  29991231 240000 airs281SUBSET   10   2328 2333 2339 2348 2353 2355 2357 2363 2370 2371	# 270
aqua 20020504 000000  29991231 240000 airs281SUBSET    1   2377							# 280

aqua 20020504 000000  29991231 240000 amsua  15 1 2 3 4 5 6 7 8 9 10 11 12 13 14 15
aqua 20020504 000000  29991231 240000 amsre  12 1 2 3 4 5 6 7 8 9 10 11 12
aqua 20020504 000000  29991231 240000 hsb     4 1 2 3 4


# DMSP-08
f08  19000101 000000  29991231 240000 ssmi    7 1 2 3 4 5 6 7
# DMSP-10
f10  19000101 000000  29991231 240000 ssmi    7 1 2 3 4 5 6 7
# DMSP-11
f11  19000101 000000  29991231 240000 ssmi    7 1 2 3 4 5 6 7
# DMSP-13
f13  19000101 000000  29991231 240000 ssmi    7 1 2 3 4 5 6 7
# DMSP-14
f14  19000101 000000  29991231 240000 ssmi    7 1 2 3 4 5 6 7
# DMSP-15
f15  19000101 000000  29991231 240000 ssmi    7 1 2 3 4 5 6 7

# DMSP-16
f16  19000101 000000  29991231 240000 ssmis  10  1  2  3  4  5  6  7  8  9 10
f16  19000101 000000  29991231 240000 ssmis  10 11 12 13 14 15 16 17 18 19 20
f16  19000101 000000  29991231 240000 ssmis   4 21 22 23 24

# GOES-08  GS  1994-04-13
g08  19940413 000000  29991231 240000 imgr    4 2 3 4 5
g08  19940413 000000  29991231 240000 sndr   18 1 2 3 4 5 6 7 8 9 10 11 12 13 14 15 16 17 18

# GOES-10  GS  1997-04-25
g10  19970425 000000  29991231 240000 imgr    4 2 3 4 5
g10  19970425 000000  29991231 240000 sndr   18 1 2 3 4 5 6 7 8 9 10 11 12 13 14 15 16 17 18

# GOES-11  GS
g11  19000101 000000  29991231 240000 sndr   18 1 2 3 4 5 6 7 8 9 10 11 12 13 14 15 16 17 18
g11  19000101 000000  29991231 240000 sndrD1 18 1 2 3 4 5 6 7 8 9 10 11 12 13 14 15 16 17 18
g11  19000101 000000  29991231 240000 sndrD2 18 1 2 3 4 5 6 7 8 9 10 11 12 13 14 15 16 17 18
g11  19000101 000000  29991231 240000 sndrD3 18 1 2 3 4 5 6 7 8 9 10 11 12 13 14 15 16 17 18
g11  19000101 000000  29991231 240000 sndrD4 18 1 2 3 4 5 6 7 8 9 10 11 12 13 14 15 16 17 18

# GOES-12  GS  2001-07-23
g12  20010723 000000  29991231 240000 imgr    4 2 3 4 5
g12  20010723 000000  29991231 240000 sndr   18 1 2 3 4 5 6 7 8 9 10 11 12 13 14 15 16 17 18
g12  20010723 000000  29991231 240000 sndrD1 18 1 2 3 4 5 6 7 8 9 10 11 12 13 14 15 16 17 18
g12  20010723 000000  29991231 240000 sndrD2 18 1 2 3 4 5 6 7 8 9 10 11 12 13 14 15 16 17 18
g12  20010723 000000  29991231 240000 sndrD3 18 1 2 3 4 5 6 7 8 9 10 11 12 13 14 15 16 17 18
g12  20010723 000000  29991231 240000 sndrD4 18 1 2 3 4 5 6 7 8 9 10 11 12 13 14 15 16 17 18

# GOES-13  GS
g13  19000101 000000  29991231 240000 sndr   18 1 2 3 4 5 6 7 8 9 10 11 12 13 14 15 16 17 18
g13  19000101 000000  29991231 240000 sndrD1 18 1 2 3 4 5 6 7 8 9 10 11 12 13 14 15 16 17 18
g13  19000101 000000  29991231 240000 sndrD2 18 1 2 3 4 5 6 7 8 9 10 11 12 13 14 15 16 17 18
g13  19000101 000000  29991231 240000 sndrD3 18 1 2 3 4 5 6 7 8 9 10 11 12 13 14 15 16 17 18
g13  19000101 000000  29991231 240000 sndrD4 18 1 2 3 4 5 6 7 8 9 10 11 12 13 14 15 16 17 18

#.	end of usable_channels.tbl

